rfid	locomotor_cage	locomotor_t1_age	locomotor_t2_age	locomotor_t1_total_distance	locomotor_t1_rest_time	locomotor_t1_rest_episode_count	locomotor_t1_movement_episode_count	locomotor_t1_vertical_activity_count	locomotor_t1_center_time_legacy	locomotor_t2_total_distance	locomotor_t2_rest_time	locomotor_t2_rest_episode_count	locomotor_t2_movement_episode_count	locomotor_t2_vertical_activity_count	locomotor_t2_center_time_legacy	locomotor_fecal_boli_box	locomotor_fecal_boli_1	locomotor_fecal_boli_2	locomotor_fecal_boli_change	locomotor_fecal_boli_age_1	locomotor_fecal_boli_age_2
933000320045751	4	76	77	4058.93	316.15	130	139	1667	221.18	3011.69	432.7	136	143	1168	63.77	40	1	0	-1	76	77
933000320045756	4	74	75	1669.6	509.62	141	141	868	10.54	1872.8	504.49	148	152	1109	15.39	54	0	0	0	74	75
933000320045757	4	74	75	4554.67	353.01	131	139	1703	151.58	3831.46	333.54	118	126	1135	54.23	18	0	0	0	74	75
933000320045759	4	76	77	5350.88	335.55	148	157	1569	110.57	3588.23	411.87	142	151	1350	93.32	52	0	0	0	76	77
933000320045760	2	76	77	1829.33	413.79	127	134	1297	454.05	1508.5	527.21	162	164	994	539.84	39	8	5	-3	76	77
933000320045761	1	76	77	4538.02	346.38	136	147	1553	108.21	3709.1	386.52	149	159	1332	91.26	55	0	0	0	76	77
933000320045766	3	72	73	4666.24	300.94	129	134	1798	116.84	4396.46	395.99	164	173	1778	124.7	18	0	0	0	72	73
933000320045768	2	76	77	1858.67	465.74	149	152	1139	57.74	2435.73	403.95	153	161	1096	59.76	55	8	0	-8	76	77
933000320045769	3	76	77	1914.47	426.34	144	148	848	41.64	2858.71	370.13	150	156	1177	60.1	54	0	0	0	76	77
933000320045772	2	74	75	4949.98	258.24	126	134	1333	119.98	4184.22	324.68	143	150	1307	133.41	17	0	0	0	74	75
933000320045803	1	78	79	4606.76	276.4	137	143	1534	135.23	3540.74	286.28	129	138	1253	58.71	5	0	0	0	78	79
933000320045804	4	83	84	2184.79	414.98	162	167	1346	473.97	1354.66	451.1	154	159	1038	243.42	24	6	2	-4	83	84
933000320045812	2	85	86	3147.82	399.52	153	159	1103	115.14	2459.61	423.5	163	170	939	71.97	41	5	7	2	85	86
933000320045821	3	83	84	5229.97	233.57	111	123	1641	173.1	3195.95	352.56	143	152	1274	108.5	20	0	0	0	83	84
933000320045822	3	78	79	3022.5	326.48	130	141	1306	236.81	2733.29	373.71	147	152	1182	118.46	6	4	4	0	78	79
933000320045877	1	93	94	1955.16	403.4	135	143	1264	51.6	667.75	496.34	179	178	1065	9.43	43	5	3	-2	93	94
933000320045878	3	93	94	2354.92	353.99	154	159	1132	205.74	2182.16	458.81	179	187	1093	189.4	44	0	0	0	93	94
933000320045880	3	85	86	3629.43	289.54	146	154	1580	254.02	4066.68	301.9	151	158	1525	283.27	14	4	1	-3	85	86
933000320045881	1	91	92	4411.9	211.75	112	125	1613	184.14	2179.89	401.58	149	153	1013	81.5	29	2	4	2	91	92
933000320045882	1	92	93	2960.59	388	141	149	1137	145.28	3161.56	449.48	151	153	1312	148.36	21	4	3	-1	92	93
933000320045883	2	93	94	5077.66	216.51	115	126	1923	373.07	3974.58	347.29	159	163	1709	207.29	43	5	4	-1	93	94
933000320045884	4	84	85	2632.42	438.42	126	135	1554	589.48	1788.62	571.94	154	156	1191	312.76	4	2	3	1	84	85
933000320045885	2	93	94	2109.13	358.04	148	158	1189	162.03	2420.23	364.76	157	164	1539	103.14	29	6	0	-6	93	94
933000320045886	2	83	84	1536.91	438.59	146	150	1071	319.86	1819.68	437.69	170	176	1216	389.87	11	7	7	0	83	84
933000320045887	2	83	84	1915.13	480.41	120	125	1102	702.86	1224.16	528.62	162	166	972	834.89	19	9	7	-2	83	84
933000320045888	4	85	86	1319.41	472.29	159	165	812	76.81	1582.37	483.07	176	179	676	144.42	14	5	2	-3	85	86
933000320045889	3	92	93	3572.17	356.77	130	138	1599	141.72	1884.73	574.86	144	143	917	38.87	32	2	0	-2	92	93
933000320045891	3	91	92	1906.65	405.13	160	163	1251	499.84	1032.18	477.07	166	170	1053	427.17	28	2	0	-2	91	92
933000320045892	4	85	86	3225.36	415.23	159	162	1496	299.74	1844.78	562.98	150	156	1057	559.21	16	6	5	-1	85	86
933000320045893	2	84	85	2078.97	385.14	159	168	1069	274.23	2127.41	417.33	179	186	1079	126.29	15	8	5	-3	84	85
933000320045894	4	90	91	3222.46	414.54	151	152	1187	213.53	3685.65	424.39	155	161	1650	336.58	34	1	0	-1	90	91
933000320045895	2	91	92	1869.52	467.45	151	157	1264	94.11	1992.54	469.93	155	160	1104	68.44	37	4	1	-3	91	92
933000320045896	3	91	92	2945.81	420.01	157	166	1498	151.76	3136.9	434.62	185	187	1451	115.36	34	0	0	0	91	92
933000320045897	1	84	85	2655.65	380.88	130	141	1164	85.59	1919.11	495.81	143	144	1161	18.45	19	10	7	-3	84	85
933000320045898	3	91	92	3852.05	257.13	128	136	1768	279.4	3927.78	329.85	142	150	1978	249.66	36	0	0	0	91	92
933000320045899	3	83	84	1040.38	578.81	143	144	1034	493.58	1714.04	552.59	135	133	1075	228.09	12	12	5	-7	83	84
933000320045900	4	91	92	3899.98	374.84	143	149	1658	143.03	3295.5	466.26	140	147	1210	195.93	36	0	0	0	91	92
933000320045901	2	86	87	1207.54	486.06	191	197	1248	185.74	1387.89	563.38	178	177	1125	422.19	3	10	11	1	86	87
933000320045903	2	95	96	2000.24	407.92	160	161	1296	481.72	2862.82	376.15	162	168	1449	185.91	27	1	0	-1	95	96
933000320045907	4	94	95	3037.04	335.71	156	166	1628	207.89	2846.06	394.87	147	156	1383	45.7	30	1	4	3	94	95
933000320045910	3	93	94	2009.03	359.87	155	159	1388	85.56	1655.64	458.05	155	159	1098	169.73	30	0	0	0	93	94
933000320045911	4	94	95	3698.4	274.96	140	154	2016	238.53	1883.6	479.01	147	148	1460	74.93	44	8	5	-3	94	95
933000320045912	4	93	94	1841.52	463.22	180	182	1107	391.81	3342.62	399.5	166	176	1280	235.52	28	6	4	-2	93	94
933000320045915	2	93	94	1758.51	404.14	163	173	1176	200.42	2897.25	352.86	153	164	1006	166.36	21	3	2	-1	93	94
933000320045918	1	94	95	3342.02	355.22	148	155	1524	79.42	2777.43	455.02	157	161	1275	45.02	27	4	5	1	94	95
933000320045920	2	93	94	2477.8	424.62	142	147	1252	399.03	2243.85	485.68	169	172	1211	405.52	25	0	0	0	93	94
933000320045921	3	86	87	2211.4	396.85	160	169	1264	152.63	2326.07	386.49	160	170	1235	403.54	4	2	2	0	86	87
933000320045924	3	86	87	1144.23	558.9	153	152	940	226.5	978.85	547.09	144	151	1023	337.02	2	8	9	1	86	87
933000320045925	1	95	96	2901.94	255.32	112	124	1499	107.2	2626.62	401.67	159	164	1262	186.87	25	0	0	0	95	96
933000320046027	3	84	85	2326.68	344.94	144	152	1456	295.27	1170.98	419.2	162	174	1000	156.44	24	5	6	1	84	85
933000320046032	3	84	85	1575.84	524.66	154	154	1061	58.52	33.98	750.12	141	134	439	0	16	6	2	-4	84	85
933000320046034	1	87	88	6128.46	247.03	115	124	1796	149.24	4370.38	429.52	166	175	1512	185.75	41	0	0	0	87	88
933000320046037	4	85	86	3071.24	430.98	119	122	1378	94.5	2095.91	439.47	148	153	1212	29.42	16	3	4	1	85	86
933000320046038	3	84	85	1389.85	442.18	167	171	888	67.49	1029.15	527.49	175	173	705	54.08	34	8	8	0	84	85
933000320046041	4	84	85	3338.44	356.13	139	144	1567	113.29	2287.34	463.4	134	140	1414	59.82	20	3	2	-1	84	85
933000320046045	2	79	80	3039.58	313.66	154	165	1583	553.76	1686.85	450.92	183	186	1022	618.92	1	1	6	5	79	80
933000320046046	4	84	85	4394.35	292.76	140	151	1790	108.2	3814	327.57	140	149	1523	80.29	34	4	0	-4	84	85
933000320046047	2	86	87	2217.44	354.11	149	159	1171	47.48	624.49	487.61	188	192	829	10.43	45	0	1	1	86	87
933000320046048	2	79	80	1910.53	476.6	169	171	959	583.72	1254.91	587.83	165	170	585	562.26	5	0	7	7	79	80
933000320046050	4	79	80	3419.57	400.89	139	143	1327	255.6	2013.43	497.39	163	166	1210	49.3	6	6	7	1	79	80
933000320046051	1	89	90	4971.58	220.84	108	120	1703	111.64	5627.39	271.64	121	132	2044	93.57	33	0	0	0	89	90
933000320046052	1	81	82	1921.76	403.69	156	167	1207	49.08	747.93	569.44	172	173	686	29.78	13	3	3	0	81	82
933000320046053	1	82	83	5253.26	328.9	127	138	1656	79.24	4673.1	411.15	161	167	1723	132.65	15	0	0	0	82	83
933000320046055	1	82	83	1304.37	421.63	137	140	1189	68.11	2098.98	379.67	143	146	1439	85.14	11	3	2	-1	82	83
933000320046056	1	91	92	4464.31	282.84	96	104	1766	221.68	3391.71	350.53	155	164	1558	207.86	35	0	0	0	91	92
933000320046057	4	81	82	1639.07	418.4	155	164	713	86.79	2487.16	403.25	155	159	917	83.69	12	1	0	-1	81	82
933000320046058	1	81	82	1413.51	360.62	128	135	1287	730.12	1082.6	526.32	160	166	1033	328.26	1	5	4	-1	81	82
933000320046059	3	88	89	1738.15	404.7	150	156	1175	380.02	2142.89	350.47	142	150	1389	144.27	22	5	2	-3	88	89
933000320046060	4	81	82	1731.62	439.66	149	154	1085	72.19	1021.47	535.06	172	177	971	17.32	8	1	0	-1	81	82
933000320046061	1	81	82	1744.31	430.65	154	161	1132	452.82	1290.66	487.34	183	190	1033	346.45	7	6	0	-6	81	82
933000320046062	3	82	83	3249.33	308.2	164	177	1227	138.94	3259.89	346.37	146	157	1017	76.16	6	3	0	-3	82	83
933000320046063	4	83	84	2649.68	426.04	137	139	1074	226.2	4678.05	391.75	146	153	1321	241.59	20	0	4	4	83	84
933000320046064	2	88	89	2818.38	382.67	129	137	798	147.34	2234.19	441.68	151	156	908	61.73	31	2	0	-2	88	89
933000320046065	1	89	90	3631.01	349.43	122	130	1582	51.09	2822.11	361.05	156	168	1495	52.07	37	0	0	0	89	90
933000320046067	2	81	82	1843.95	426.64	173	179	1135	377.54	2597.81	358.05	156	170	1460	516.41	1	8	6	-2	81	82
933000320046068	4	82	83	1649.55	522.51	141	150	1128	457.76	1607.77	500.55	166	168	941	180.43	6	5	3	-2	82	83
933000320046069	2	81	82	1752.75	374.55	131	135	1267	138.49	996.99	443.05	133	141	1082	67.23	7	5	4	-1	81	82
933000320046070	3	82	83	962.73	484.81	154	159	1139	461.21	122.92	743.35	137	130	545	548.61	16	7	6	-1	82	83
933000320046071	1	90	91	2315.51	385.18	151	153	1237	70.03	1473.61	425.99	157	162	1235	38.46	41	2	0	-2	90	91
933000320046072	2	90	91	3814.85	292.13	146	157	1518	185.96	3141.34	386.45	174	181	1401	112.54	41	2	4	2	90	91
933000320046073	1	88	89	2580.52	388.09	143	151	1225	85.38	1187.15	535.46	185	187	649	10.7	23	1	0	-1	88	89
933000320046074	2	91	92	3325.39	202.58	116	127	1530	289.92	2680	369.23	137	140	1355	191.57	35	3	0	-3	91	92
933000320046075	2	88	89	1408.48	503.28	149	154	809	50.02	2243.57	407.39	164	173	851	114.99	33	4	6	2	88	89
933000320046179	1	79	80	2011.33	346.64	121	132	1362	266.47	1435.67	484.14	158	164	1079	222.43	9	4	5	1	79	80
933000320046181	3	85	86	4145.57	317.32	135	147	1566	190.16	3688.64	358.78	156	164	1503	198.94	40	6	4	-2	85	86
933000320046182	3	86	87	2800.01	325.59	113	122	1357	177.22	3597.69	310.76	138	148	1603	224.35	38	0	2	2	86	87
933000320046184	4	86	87	4174.01	322.55	158	165	1691	257.34	3915.25	429.98	166	173	1757	132.77	40	2	0	-2	86	87
933000320046188	1	79	80	1167.4	506.56	142	143	896	745.1	900.91	632.85	127	127	551	401.14	5	1	1	0	79	80
933000320046190	2	79	80	2832.56	310.42	144	154	1307	184.5	2939.99	332.26	154	164	1167	222.29	9	2	4	2	79	80
933000320046196	2	86	87	2057.72	457.35	162	169	1146	276.13	1644.09	473.35	193	195	928	215.99	39	7	7	0	86	87
933000320046251	4	87	88	4754.65	392.19	149	153	1798	145.79	4404.87	391.45	154	159	1924	127.11	38	0	1	1	87	88
933000320046252	4	88	89	3383.69	323.86	139	149	1665	192.32	3731.43	361.67	137	148	1554	161.18	26	3	5	2	88	89
933000320046253	3	81	82	2981.73	327.11	138	148	1616	262.54	2104.61	500.39	167	175	1246	246.95	8	0	0	0	81	82
933000320046254	1	80	81	3056.16	326.49	140	148	1399	205.31	2660.2	414.4	134	140	1194	139.87	17	5	0	-5	80	81
933000320046255	4	80	81	2018.59	541.94	144	146	626	658.51	1131.71	616.52	150	151	700	741.6	18	4	6	2	80	81
933000320046256	1	87	88	4254.24	300.79	108	115	1611	184.09	3929.87	404.18	149	160	1524	190.65	31	0	0	0	87	88
933000320046257	4	88	89	3038.45	416.83	181	192	1359	318.75	1985.9	470.94	171	171	1029	92.59	42	8	3	-5	88	89
933000320046258	1	86	87	3610.2	257.52	110	123	1728	156.87	2974.92	330.52	131	140	1525	103.38	39	7	4	-3	86	87
933000320046259	2	79	80	2965.17	254.68	122	130	1501	125.21	4083.36	241.45	111	119	1582	128.1	5	5	3	-2	79	80
933000320046260	2	81	82	1452.54	497.84	178	186	1059	265.15	2107.21	470.22	171	178	1151	349.13	13	3	4	1	81	82
933000320046261	4	87	88	2793.69	449.62	149	158	1301	71.33	2892.96	485.72	155	156	1270	32.85	24	1	0	-1	87	88
933000320046262	4	87	88	2614.37	391.65	151	162	1399	422.45	2235.29	483.31	167	173	1223	376.82	22	2	3	1	87	88
933000320046263	2	87	88	4649.17	293.21	136	148	1994	129.24	4004.97	412.13	170	176	1776	65.07	45	0	0	0	87	88
933000320046264	3	87	88	5046.91	237.89	122	133	2134	165.01	2567.31	416.38	157	168	1460	73.77	24	8	0	-8	87	88
933000320046265	4	81	82	3037.4	409.87	149	153	1818	251.44	3534.14	432.74	170	179	1962	234.21	10	7	8	1	81	82
933000320046266	3	79	80	1268.04	427.23	157	161	1030	26	1469.83	452.22	166	172	884	20.6	20	7	2	-5	79	80
933000320046267	1	87	88	2929.88	466.75	138	140	1225	87.23	2318.06	534.95	142	140	1016	103.46	45	0	1	1	87	88
933000320046268	3	80	81	2875.52	435.79	140	141	1246	451.28	1985.76	602.05	131	132	936	460.95	10	7	5	-2	80	81
933000320046269	3	88	89	804.82	560.97	133	136	1102	67.74	917.76	544.01	156	160	974	72.96	42	10	5	-5	88	89
933000320046270	3	79	80	4427.73	295.17	125	137	1973	268.22	4431.57	233.87	125	134	1935	124.36	18	3	7	4	79	80
933000320046271	2	88	89	4040.43	369.49	152	166	1725	119.64	4047.98	427.79	148	153	1760	123.24	23	2	0	-2	88	89
933000320046274	3	87	88	3784.75	301.37	135	144	1677	303.71	3257.41	366.95	150	152	1651	287.35	26	0	0	0	87	88
933000320046275	2	80	81	2269.3	397.35	133	142	1093	461.77	1818.85	441.92	153	158	1056	347.31	17	5	8	3	80	81
933000320046276	1	87	88	2176.28	396.68	124	130	1111	339.97	2893.07	402.57	158	167	1191	286.9	3	5	6	1	87	88
933000320046282	4	87	88	1507.28	486.38	156	161	1000	667.88	1952.93	605.05	136	137	1365	634.64	2	11	7	-4	87	88
933000320046326	2	78	79	1892.04	400.84	161	167	1201	46.78	1368.48	500	173	178	945	17.7	33	5	2	-3	78	79
933000320046327	2	80	81	4555.36	309.16	129	143	1719	120.37	1966.46	423.83	157	161	1061	59.12	49	0	4	4	80	81
933000320046329	3	79	80	3770.85	236.64	93	103	1618	109.26	3401.62	289.08	120	131	1482	124.07	38	5	2	-3	79	80
933000320046330	4	78	79	3202.68	379.14	157	168	1126	162.56	1805.18	442.03	179	187	861	75.9	32	3	1	-2	78	79
933000320046331	1	73	74	2819.83	321.91	135	138	1195	104.49	3023.47	338.73	141	145	776	243.86	9	0	0	0	73	74
933000320046332	2	74	75	2383.08	452.55	125	132	966	473.19	2267.85	426.59	156	161	931	478.21	9	4	9	5	74	75
933000320046333	3	80	81	3102.99	307.84	133	141	964	58.13	2733.44	412.82	147	156	902	34.11	50	0	0	0	80	81
933000320046334	1	78	79	3712.72	337.11	154	166	1495	221.23	4210.48	346.32	151	162	1381	247.43	29	3	0	-3	78	79
933000320046335	3	78	79	2262.84	309.56	144	153	1507	129.66	1237.75	413.02	157	160	1089	36.35	32	9	6	-3	78	79
933000320046337	2	78	79	2451.97	395.65	146	152	1332	347.07	2122.19	432.45	156	165	933	162.48	29	2	2	0	78	79
933000320046338	3	78	79	3694.47	251.55	120	131	1564	155.4	1838.5	347.38	165	176	1188	10.99	28	5	7	2	78	79
933000320046339	3	78	79	3456.77	326.28	129	138	1477	132.04	2642.4	289.22	137	146	1282	83.97	30	3	0	-3	78	79
933000320046340	1	80	81	3933.12	386.33	146	146	1385	86.22	2309.62	458.11	150	155	969	37.98	47	0	2	2	80	81
933000320046341	2	80	81	2441.35	321.95	154	163	876	39.96	1920.18	414.49	159	168	764	62.52	47	0	0	0	80	81
933000320046342	1	79	80	4427.75	207.11	108	118	1693	203.13	3172.34	403.58	139	147	1257	164.16	37	1	3	2	79	80
933000320046343	1	80	81	6092.91	207.71	110	121	1829	105.9	3606.22	285.82	147	158	1430	115.65	49	7	5	-2	80	81
933000320046344	4	72	73	3284.89	362.28	136	143	1655	107.24	2987.33	373.78	142	155	1409	112.66	12	7	4	-3	72	73
933000320046346	1	78	79	5099.1	258.88	110	115	1836	257.83	3040.14	356.01	134	143	1366	215.78	33	3	1	-2	78	79
933000320046347	4	78	79	2973.48	333.63	143	151	1271	75.76	1437.97	481.99	162	168	1043	14.29	30	6	7	1	78	79
933000320046348	4	80	81	3697.99	371.06	140	145	1429	141.49	2722.38	400	154	160	1232	174.15	48	0	0	0	80	81
933000320046349	1	79	80	7534.19	238.07	121	132	1919	253.86	8411.73	269.85	111	121	2521	212.5	51	6	6	0	79	80
933000320046351	4	78	79	3196.96	295.54	136	147	1462	125.71	2270.69	437.71	138	138	1211	49.06	28	1	3	2	78	79
933000320046353	4	79	80	1980.18	353.53	143	154	1202	112.41	1668.14	367.95	158	165	814	124.2	36	6	6	0	79	80
933000320046355	4	80	81	4134.45	271.82	125	134	1430	156.18	3210.23	384.42	138	144	996	64.15	46	0	0	0	80	81
933000320046356	3	78	79	2821.97	333.37	132	141	1320	165.62	1501.97	441.06	162	166	864	115.3	36	6	4	-2	78	79
933000320046359	3	81	82	2569.8	366.03	142	148	974	83.87	2020.83	484.97	148	150	968	38.47	46	3	2	-1	81	82
933000320046360	4	80	81	5007.95	277.5	142	151	1665	119.72	3232.5	384.61	158	160	1538	174.22	50	0	0	0	80	81
933000320046361	2	80	81	3079.54	308.48	138	148	1328	228.13	2022.96	376.49	161	166	1048	111.39	53	4	3	-1	80	81
933000320046362	1	81	82	2799.07	418.16	152	156	1114	458.19	2145.82	430.1	176	182	1064	290.69	53	4	0	-4	81	82
933000320046367	2	79	80	2810.57	296.99	130	142	1210	166.52	1412.82	412.27	173	178	762	57.84	15	1	0	-1	79	80
933000320046369	3	76	77	2594.83	373.74	119	120	1169	142.86	2362.92	358.54	155	162	1227	87.09	8	3	0	-3	76	77
933000320046370	3	80	81	4276.64	276.47	126	136	1626	148.23	4088.31	373.55	148	157	1462	183.97	48	0	0	0	80	81
933000320046373	1	78	79	5564.69	264.35	112	125	1937	238.04	4776.56	253.5	117	129	1635	134.05	15	0	0	0	78	79
933000320046375	4	76	77	4067.3	326.02	128	137	1464	240.66	4346.86	359.46	151	159	1356	101.6	8	3	5	2	76	77
933000320046478	4	73	74	2167.18	445.79	153	159	1411	241.53	1455.69	483.48	151	155	980	106.03	4	1	2	1	73	74
933000320046479	2	69	70	3121.41	342.1	140	146	966	307.71	2323.48	441.18	140	147	867	436.37	13	1	3	2	69	70
933000320046481	3	78	79	3616.63	308.85	136	143	1598	114.33	1504.34	539.56	137	134	728	54.77	52	0	0	0	78	79
933000320046482	3	72	73	3077.01	410.29	143	149	983	291.4	2422.9	436.82	133	141	944	252.45	10	0	0	0	72	73
933000320046483	1	69	70	2321.91	299.31	140	150	883	22.91	1490.87	440.11	152	161	336	6.46	13	0	0	0	69	70
933000320046484	2	78	79	3569.28	373.55	164	172	1355	364.14	2669.9	392.32	166	172	1080	262.91	27	7	7	0	78	79
933000320046485	1	75	76	3253.57	317.47	136	142	1205	113.42	3546.47	331.58	161	168	1129	200.06	35	5	3	-2	75	76
933000320046486	1	74	75	4808.96	268.58	134	143	1526	93.79	4038.22	307.6	134	144	1329	71.82	17	0	0	0	74	75
933000320046488	2	78	79	3646.76	288.08	130	139	1670	113.73	2559.48	380.8	161	169	1462	95.12	37	0	0	0	78	79
933000320046490	2	77	78	2384.5	376.17	164	172	1165	164.73	2316.54	395.66	166	175	1088	178.99	35	5	8	3	77	78
933000320046491	4	70	71	2432.84	413.31	125	132	899	54.42	2438.09	400.95	168	177	1106	79.7	10	1	3	2	70	71
933000320046492	1	72	73	2010.77	468.14	133	136	1067	56.38	1735.76	522.83	136	140	923	23.32	11	0	0	0	72	73
933000320046493	4	79	80	2731.24	312.18	146	159	1447	292.15	1073.12	530.79	153	153	691	49.33	22	0	0	0	79	80
933000320046494	3	71	72	2127.35	437.5	170	176	1247	130.62	1652.33	431.91	168	178	1146	93.58	12	2	0	-2	71	72
933000320046495	2	78	79	2350.26	291.43	153	159	1059	91.28	2104.04	402.98	174	181	914	50.18	51	0	0	0	78	79
933000320046496	2	71	72	5101.72	234.7	106	119	1051	221.87	3127.91	356.31	158	159	800	107.03	11	0	0	0	71	72
933000320046497	1	78	79	3958.42	275.61	106	114	1426	258.06	1616.05	506.12	168	169	814	103.37	39	2	0	-2	78	79
933000320046498	3	78	79	3000.05	212.75	99	112	1390	93.26	2754.03	357.84	157	164	1037	61.8	40	4	2	-2	78	79
933000320046500	4	78	79	1884.03	413.98	158	165	1274	132.08	2156.13	406.5	162	166	1007	100.5	38	2	0	-2	78	79
933000320046553	1	84	85	5866.77	208.09	105	120	1607	138.48	3002.16	426.3	162	166	981	114	43	0	1	1	84	85
933000320046555	4	84	85	5064.11	286.27	110	124	1414	130.69	3235.09	413.87	169	176	806	32.36	42	0	0	0	84	85
933000320046561	4	77	78	2791.26	459.52	149	155	1317	260.82	2542.5	498.64	156	161	1103	211.34	2	7	2	-5	77	78
933000320046564	3	77	78	4327.37	264.99	115	124	1794	335.76	2085.06	405.66	148	160	1105	145.85	14	0	0	0	77	78
933000320046569	1	82	83	3067.56	314.18	112	120	1442	213.42	958.99	626.81	151	150	839	93.31	31	6	2	-4	82	83
933000320046571	2	82	83	4646.4	274.33	124	133	1264	250.97	2928.73	328.15	152	161	1087	125.03	21	0	0	0	82	83
933000320046572	3	77	78	1167.18	509.52	162	162	858	40.17	1394.85	445.89	184	190	876	49.09	2	2	4	2	77	78
933000320046573	1	84	85	5657.44	174.94	93	104	1688	206.61	3099.03	439.83	143	146	1327	82.41	45	0	3	3	84	85
933000320046575	3	84	85	4205.22	247.73	124	130	1920	118.86	4306.4	358.34	162	173	1500	79.36	42	0	3	3	84	85
933000320046752	2	76	77	2156.45	312.75	144	150	1356	227.92	1365.08	372.87	166	172	973	63.82	7	5	0	-5	76	77
933000320046753	4	83	84	2806.19	420.49	141	150	1300	163.54	2265.44	512.58	161	166	1295	94.3	44	0	0	0	83	84
933000320046755	1	81	82	2447.21	354.93	150	153	1347	77.51	1178.34	518.45	173	179	724	44.32	23	3	0	-3	81	82
933000320046756	2	81	82	2028.72	404.89	138	146	1355	164.4	2003.29	361.41	146	158	1359	95.39	31	7	9	2	81	82
933000320046757	2	81	82	2690.03	356.74	160	167	660	99.96	1276.66	384.58	162	171	435	18.38	19	8	1	-7	81	82
933000320046758	2	76	77	2219.92	380.19	135	144	1304	708.9	1829.86	425.57	166	176	1098	683.71	3	6	8	2	76	77
933000320046759	1	81	82	3912.24	333.86	143	155	1549	95.68	2529.77	418.82	160	166	1311	77.5	21	0	0	0	81	82
933000320046760	1	81	82	5361.57	234.27	115	128	1496	164.82	2719.3	409.75	169	176	1105	89.05	27	3	5	2	81	82
933000320046761	1	76	77	938.29	570.21	146	143	756	27.73	1221.71	548.05	126	127	874	108.17	3	6	4	-2	76	77
933000320046762	1	79	80	1228.22	543.77	121	124	1164	617.87	659.94	653.98	135	132	743	323.22	1	4	4	0	79	80
933000320046763	3	81	91	1830.28	349.93	137	146	1315	126.32	2611.61	315.71	152	160	1290	179.39	26	7			81	82
933000320046764	2	81	82	2544.34	364.35	126	135	920	94.97	2686.75	392.67	177	188	1006	100.81	25	7	2	-5	81	82
933000320046766	2	83	84	3841.92	267.84	133	144	1256	172.06	2380.14	453.41	153	158	784	77.24	43	2	0	-2	83	84
933000320046767	3	76	77	2376.47	297.98	124	135	1476	151.36	1175.53	480.86	177	180	1145	73.55	4	6	0	-6	76	77
933000320046768	3	83	84	2552.32	228.81	116	123	1025	57.94	2162.07	390.18	140	144	928	33.82	44	3	1	-2	83	84
933000320046769	4	77	78	2830.96	326.31	131	141	1743	131.14	2996.23	343.23	146	160	1577	136.05	14	4	5	1	77	78
933000320046770	2	81	82	2651.89	358.19	126	138	1213	135.26	2241.11	398.73	152	159	860	65.15	23	10	9	-1	81	82
933000320046771	1	81	82	3557.29	291.06	116	127	1638	178.46	3189.52	357.42	131	136	1619	121.54	19	3	0	-3	81	82
933000320046772	1	76	77	2035.57	430.55	144	150	1490	188.51	1310.3	537.81	180	183	1005	74.46	7	4	2	-2	76	77
933000320046774	1	81	82	4412.18	257.81	112	120	1617	205.74	3547.89	361.8	144	151	1351	197.5	25	4	0	-4	81	82
933000320046775	4	81	82	2504.87	369.54	155	163	1666	227.01	1491.11	467.71	171	177	961	56.45	26	7	1	-6	81	82
933000320046876	2	79	80	2543.16	353.34	168	174	1118	277.31	1425.85	497.78	182	186	828	72.82	37	3	2	-1	79	80
933000320046877	3	82	83	5817.17	245.55	112	122	1985	79.88	4974.54	353.53	150	161	2325	246.89	44	0	0	0	82	83
933000320046878	2	73	74	1645.17	467	138	142	1065	459.89	2772.21	327.9	156	166	1134	141.35	1	2	2	0	73	74
933000320046880	4	78	79	1711.24	422.57	149	157	1429	32.85	911.97	526.51	187	187	1164	13.25	30	2	2	0	78	79
933000320046881	4	77	78	3350.79	273.34	123	129	1666	100.35	2587.28	417.54	166	174	1143	62.33	34	9	7	-2	77	78
933000320046882	3	78	79	3402.98	281.79	135	143	1416	239.51	2722.17	365.62	155	158	1287	241.16	30	0	0	0	78	79
933000320046883	4	78	79	3141.5	421.21	132	143	1329	55.69	2839.74	451.29	154	159	1347	108.53	28	0	0	0	78	79
933000320046884	2	73	74	842.08	562.41	160	159	1114	34.74	45.99	735.01	130	127	404	0	9	3	8	5	73	74
933000320046885	4	76	77	3683.29	414.44	149	154	1403	225.41	3122.47	480.5	172	182	1249	164.71	4	0	0	0	76	77
933000320046888	3	79	80	5800.01	191.61	97	107	1910	132.49	4754.55	295.71	140	148	1876	162.91	46	0	0	0	79	80
933000320046889	2	80	81	4015.97	358.84	148	158	1032	56.75	4683.91	351.38	170	180	1084	168.42	45	2	3	1	80	81
933000320046890	3	82	83	4196.05	354.86	145	155	1351	315.67	3246.65	460.78	171	175	1176	184.66	48	5	1	-4	82	83
933000320046892	1	79	80	1576.01	427.11	153	158	961	75.14	1511.71	420.16	141	145	610	12.94	47	4	7	3	79	80
933000320046893	1	80	81	6379.7	292.75	118	126	1820	148.31	4562.38	358.5	137	145	1658	151.44	41	0	1	1	80	81
933000320046894	2	78	79	3454.52	327.67	137	146	978	154.96	2211.42	450.2	139	146	559	93.55	25	3	2	-1	78	79
933000320046895	4	80	81	4357.81	338.67	123	130	1693	91.83	4244.64	399.48	154	162	1382	66.8	44	0	1	1	80	81
933000320046896	3	80	81	2933.19	244.31	112	123	1807	175.14	1390.05	395.53	153	159	1049	51.34	28	1	0	-1	80	81
933000320046897	1	80	81	2299.69	438.28	141	145	1274	96.38	1359.91	542.68	161	167	1016	95.95	43	4	3	-1	80	81
933000320046898	1	82	83	3266.78	421.88	134	140	1444	145.01	2413.25	525.79	140	142	1009	85.98	45	2	2	0	82	83
933000320046899	3	75	76	3765.68	415.31	158	162	1530	179.52	3117.58	396.37	156	164	1508	91.05	4	0	0	0	75	76
933000320046900	3	73	74	2784.18	400.36	143	149	1339	341.5	1952.44	459.2	157	161	1108	311.47	20	6	8	2	73	74
933000320046986	1	70	71	3672.07	290.87	106	121	1379	182.84	1867.53	480.49	146	148	972	97.47	15	7	4	-3	70	71
933000320047076	2	71	72	1540.82	579.04	129	131	1053	48.18	268.75	736.4	117	113	393	3.83	19	4	0	-4	71	72
933000320047079	1	73	74	1330.12	428.03	183	191	1200	45.31	487.15	541.41	177	177	739	27.51	19	5	0	-5	73	74
933000320047080	2	77	78	4053.05	245.65	127	137	1265	92.77	2779.79	392.62	173	177	770	139.84	49	0	2	2	77	78
933000320047081	4	72	73	2589.77	398.31	137	148	1632	80.24	2151.11	473.01	146	148	1056	40.4	8	0	6	6	72	73
933000320047082	3	73	74	2197.84	401.74	161	172	1177	129.88	1783.67	408.16	174	180	737	232.71	18	4	1	-3	73	74
933000320047083	1	71	72	3492.31	301.65	132	141	1520	176.7	2195.01	325.6	141	148	1198	105.01	9	4	6	2	71	72
933000320047086	3	70	71	2222.88	424.21	134	139	1352	371.35	1743.3	424.61	166	174	1202	258.7	12	9	4	-5	70	71
933000320047087	3	76	77	3302.92	331.58	151	156	1305	311.08	1874.4	521.86	157	168	922	292.21	34	0	1	1	76	77
933000320047088	2	74	75	2993.28	339.9	136	143	780	118.49	2648.35	411.33	136	143	722	108.23	29	6	8	2	74	75
933000320047089	1	78	79	4753.9	331.98	136	145	1511	182.82	3316.39	452.28	149	161	1255	90.81	49	0	0	0	78	79
933000320047091	3	72	73	3268.23	313.86	120	132	1391	283.97	1498.85	500.19	167	168	948	90.44	8	0	0	0	72	73
933000320047092	4	73	74	2354.3	448.08	140	144	847	167.41	1949.7	462.61	154	160	773	87.72	18	6	1	-5	73	74
933000320047095	1	72	73	1940.28	456.2	133	140	1169	442.03	1158.87	600.87	137	136	918	71.82	1	6	6	0	72	73
933000320047097	4	79	80	4764.19	300.44	141	151	1699	98.24	3929.23	380.55	160	170	1314	68.07	46	0	1	1	79	80
933000320047098	4	72	73	2491.82	412.23	137	144	1221	449.27	1952.28	455.29	168	167	1250	147.84	20	5	4	-1	72	73
933000320047099	2	77	78	5011.75	261.08	125	135	1540	128.53	2824.92	429.62	156	163	1081	71.94	47	9	0	-9	77	78
933000320047226	1	69	70	4269.06	327.66	130	140	1401	196.24	2488.54	461.1	164	166	1081	115.92	17	0	0	0	69	70
933000320047227	2	70	71	2072.15	381.32	157	163	1301	190.05	1790.45	458.47	148	153	1058	139.34	17	5	2	-3	70	71
933000320047228	1	74	75	4558.34	282.96	113	123	1598	213.82	2719.72	439.53	146	149	1020	77.41	29	0	0	0	74	75
933000320047229	4	74	75	1772.57	506.61	150	155	1040	17.39	2527.7	478.15	144	145	1173	269.99	22	0	0	0	74	75
933000320047231	2	70	71	1899.73	453.74	151	158	1178	144.43	1343.38	454	179	181	998	80.94	3	5	6	1	70	71
933000320047233	3	74	75	2833.49	368.51	125	131	1116	59.88	2017.39	460.86	172	179	788	52.74	22	1	1	0	74	75
933000320047234	1	73	74	1847.63	540.57	139	140	1142	146.57	1612.65	561.06	136	136	988	91.7	21	4	2	-2	73	74
933000320047237	1	74	75	3216.48	370.58	129	138	1376	155.52	1685.23	464.71	137	142	939	154.99	23	0	5	5	74	75
933000320047238	1	70	71	2537.48	442.79	132	140	1503	148.02	3316.59	420.02	162	169	1428	171.23	3	0	0	0	70	71
933000320047241	2	74	75	2173.71	386.44	153	160	1418	92.01	2556.84	447.15	156	167	1118	192.19	21	0	0	0	74	75
933000320047242	2	70	71	4176.08	218.87	115	128	1615	101.14	2241.63	467.14	172	181	1174	40.25	5	6	0	-6	70	71
933000320047243	4	74	75	2515.35	403.05	155	161	1157	42.1	2346.28	404.96	146	156	920	27.32	26	0	0	0	74	75
933000320047244	1	70	71	5791.27	186.93	80	89	1593	163.97	2896.47	361.24	136	144	1229	88.69	5	3	0	-3	70	71
933000320047246	4	70	71	3122.17	414.02	136	141	1625	109.94	2551.95	445.38	157	162	1259	114.7	12	2	0	-2	70	71
933000320047247	2	74	75	2311.35	365	137	145	1159	147.79	1655.83	478.37	131	139	940	82.84	23	2	6	4	74	75
933000320047249	3	74	75	5041.2	238.81	114	126	1938	204.19	4124.05	302.45	122	132	1695	195.87	26	0	0	0	74	75
933000320047250	2	70	71	3166.57	328.07	132	143	1367	124.58	2373.28	499.82	181	189	1300	117.68	15	0	0	0	70	71
933000320047351	3	77	78	3610.99	241.62	125	134	1735	178.96	1106.45	504.79	174	179	979	14.77	44	0	3	3	77	78
933000320047352	1	78	79	1847.79	488.96	175	174	1027	177.99	1588.54	549	176	175	1240	47.64	41	5	3	-2	78	79
933000320047354	2	76	77	2469.98	266.61	138	150	1173	80.82	1032.74	516.17	186	190	564	59.44	23	4	5	1	76	77
933000320047355	4	71	72	2551.85	397.57	162	168	1057	60.32	2231.28	385.17	141	145	940	27.12	16	6	0	-6	71	72
933000320047356	4	78	79	3566.15	335.38	131	139	1410	102.82	2632.32	398.57	165	176	1100	72.78	48	5	4	-1	78	79
933000320047357	2	76	77	3896.98	251.81	135	148	1552	405.13	1983.76	427.37	176	184	987	386.67	29	4	1	-3	76	77
933000320047359	2	74	75	3404.74	279.98	123	132	1118	235.1	2578.91	400.42	163	166	791	133.55	13	0	0	0	74	75
933000320047363	4	72	73	4726.78	330.87	128	135	1642	194.45	2657.32	477.25	144	148	1019	57.23	14	0	0	0	72	73
933000320047367	3	71	72	3314.16	382.77	168	177	1430	47.38	2485.22	421.36	162	171	1288	72.36	18	5	0	-5	71	72
933000320047370	3	76	77	3072.57	371.71	147	155	1346	243.63	3365.31	394.37	146	156	1366	201.09	36	2	7	5	76	77
933000320047372	1	76	77	4678.98	314.46	135	143	1547	183.09	5624.37	253.66	127	138	1538	186.17	39	2	0	-2	76	77
933000320047373	2	76	77	3646.08	266.03	128	137	1170	58.44	2656.77	356.25	153	158	903	35.55	39	0	0	0	76	77
933000320047374	2	77	78	4272.82	288.11	145	157	1242	163.13	2811.16	410.05	143	149	1118	74.08	37	6	0	-6	77	78
933000320047526	3	75	76	1984.49	370.37	158	166	1270	265.71	1681.07	411.32	157	166	869	78.09	14	8	8	0	75	76
933000320047527	2	75	76	1937.83	450.32	140	146	1044	77.88	1328.5	520.73	162	168	707	62.61	7	4	3	-1	75	76
933000320047531	3	81	82	1307.77	566.54	153	157	885	56.99	1958.92	457.12	144	155	1238	128.63	42	5	7	2	81	82
933000320047532	3	81	82	2915.36	405.76	131	134	1248	317.71	2431.22	445.6	141	145	1280	177.72	48	2	0	-2	81	82
933000320047533	2	75	76	1658.89	444.89	160	169	1148	100.71	1481.78	424.48	156	165	832	46.06	1	1	2	1	75	76
933000320047534	2	83	84	4420.89	277.02	131	140	1433	189.11	3008.21	438.69	150	155	1155	146.87	43	3	3	0	83	84
933000320047535	4	77	78	4517.79	215.17	117	131	1765	211.82	4748.8	240.1	116	129	1802	248.61	36	4	4	0	77	78
933000320047537	1	83	84	4889.32	241.18	103	110	1849	110.39	2745.14	412.45	149	156	958	107.37	43	0	4	4	83	84
933000320047538	3	75	76	1856.31	487.22	137	137	1083	382.83	1862.29	419.35	162	167	1398	160.23	16	5	8	3	75	76
933000320047539	4	75	76	3170.57	504.07	152	156	1411	459.14	2495.78	524.15	146	149	991	126.41	2	0	1	1	75	76
933000320047540																9	5	7	2	74	75
933000320047542	1	79	80	1705.92	469.08	109	116	1107	65.11	1674.15	522.34	128	134	967	65.09	29	8	4	-4	79	80
933000320047543	2	80	81	1633.33	465.47	144	151	1215	25.65	1322.1	506.29	142	148	991	46.23	31	10	8	-2	80	81
933000320047544	1	81	82	3162.51	339.81	135	143	1672	131.94	1917.37	485.33	156	160	1354	108.67	31	5	4	-1	81	82
933000320047545	1	75	76	892.24	519.61	148	151	909	88.07	1507.58	440.66	155	157	1005	88.33	1	8	4	-4	75	76
933000320047546	2	82	83	4095.03	403.82	120	128	1484	104.67	4385.26	332.32	141	149	1831	138.1	45	2	5	3	82	83
933000320047549	1	75	76	3189.11	190.94	94	105	1654	134.06	971.36	441.42	162	166	648	27.41	7	3	3	0	75	76
933000320047626	2	84	85	2264.66	431.15	138	144	1192	213.33	2368.48	413.58	151	155	1276	96.16	35	6	4	-2	84	85
933000320047632	3	86	87	5446.42	231.92	111	120	1859	194.13	4174.11	346.01	137	145	1572	93.67	36	5	2	-3	86	87
933000320047633	4	82	83	3822.43	392.09	140	142	1381	93.63	3508.48	390.37	145	150	1042	62.54	6	0	0	0	82	83
933000320047634	1	86	87	4729.97	288.24	122	134	1591	120.97	4266.74	369.47	128	134	1414	88.89	33	0	0	0	86	87
933000320047635	2	80	81	3670.77	307.87	137	148	1323	73	3424.1	396.35	170	175	1471	100.55	11	1	0	-1	80	81
933000320047636	4	80	81	2279.47	491.38	162	170	1413	271.71	3006.4	451.52	157	165	1483	116.56	2	0	0	0	80	81
933000320047638	3	86	87	3209.19	273.44	124	133	1624	171.83	2371.41	333.41	139	149	1285	138.38	40	0	0	0	86	87
933000320047639	2	84	85	3300.82	319.11	130	135	1553	253.39	2522.2	401.24	151	158	1056	421.58	27	0	0	0	84	85
933000320047640	2	86	87	2073.99	529.03	145	149	866	38.35	3120.88	455.7	150	156	1053	45.68	33	1	2	1	86	87
933000320047645	1	82	83	1948.38	404.79	127	132	1222	184.29	2331.87	369.06	143	149	1218	167.2	13	3	5	2	82	83
933000320047646	2	82	83	3193.76	319.57	145	153	1231	269.63	3200.28	324.69	137	146	1385	213.43	13	4	1	-3	82	83
933000320047649	1	86	87	4496.58	322.04	151	158	1622	96.05	4607.19	384.15	120	123	1437	126.53	27	8	0	-8	86	87
933000320047677	1	70	71	5026.39	321.62	126	137	1720	134.32	4988.62	385.13	155	164	1798	102.88	19	2	0	-2	70	71
933000320047679	3	70	71	899	431.93	156	158	1074	44.89	412.86	507.83	185	191	641	19.82	20	4	7	3	70	71
933000320047684	2	77	78	3065.95	346.43	142	155	1287	128.94	2353.14	436.51	160	167	880	200.68	49	0	0	0	77	78
933000320047685	2	71	72	3049.29	309.05	126	133	992	118.21	2902.89	406.69	168	176	795	62.81	19	0	0	0	71	72
933000320047686	2	77	78	463.29	632.25	144	141	725	31.05	439.54	598.53	176	176	604	18.34	41	7	7	0	77	78
933000320047688	4	76	77	3603.26	327.06	136	144	1651	137.6	2009.92	459.34	179	181	1049	85.04	44	1	7	6	76	77
933000320047689	1	70	71	4454.03	228.57	106	121	1897	176.45	2720.24	458.08	114	117	1182	42.84	17	2	0	-2	70	71
933000320047690	4	71	72	3676.09	331.5	131	140	1545	139.01	2859.44	426.52	161	164	1282	50.33	20	2	3	1	71	72
933000320047691	1	76	77	3568.41	342.94	134	140	1344	87.21	2139.55	437.84	157	166	1016	172.23	49	1	5	4	76	77
933000320047694	1	75	76	3073.5	283.11	127	138	1610	112.02	1618.89	434.82	171	178	1069	9.98	23	4	3	-1	75	76
933000320047695	2	71	72	3958.15	262.42	139	149	1702	218.22	2796.07	343.6	161	172	1353	80.95	17	1	0	-1	71	72
933000320047696	4	71	72	3063.41	344.09	142	151	1636	73.96	2736.01	411.68	144	149	1329	15.34	18	2	0	-2	71	72
933000320047698	1	74	75	2464.87	451.91	152	156	1358	81.07	2895.77	375.62	152	162	1210	192.87	37	0	0	0	74	75
933000320047701	2	82	83	2196.07	437.6	141	148	1074	65.14	2039.84	457.06	147	145	1014	163.37	33	9	7	-2	82	83
933000320047702	4	78	79	3636.69	414.92	140	146	1481	71.99	3895.63	365.43	128	134	1602	123.36	6	2	4	2	78	79
933000320047703	4	77	78	2131.73	432.06	153	158	1237	153.9	1558.1	490.64	180	184	1033	46.76	4	2	7	5	77	78
933000320047704	1	84	85	5643.99	241.71	115	125	1899	174.54	4062.52	383.4	144	149	1766	209.53	45	4	6	2	84	85
933000320047705	2	79	80	2459.03	329.63	134	140	1694	278.58	1775.44	394.12	148	155	1154	105.17	15	3	3	0	79	80
933000320047706	1	81	82	2674.38	349.58	141	150	1403	178.56	1892.32	409.47	144	148	1100	23.19	15	2	0	-2	81	82
933000320047708	1	79	80	1886.28	531.99	128	128	950	51.26	1962.2	549	137	139	942	73.96	5	7	7	0	79	80
933000320047709	3	78	79	3289.52	305.87	142	152	1400	247.92	2111.05	421.47	166	170	1126	118.21	4	0	0	0	78	79
933000320047711	1	81	82	3771.38	319.19	125	134	2018	265.94	2942.18	396.84	149	156	1588	245.81	33	3	6	3	81	82
933000320047712	1	77	78	1487.13	417.43	149	153	1112	43.08	1488.6	448.49	160	165	994	33.41	3	6	3	-3	77	78
933000320047713	4	85	86	2357.75	322.47	142	149	1292	118.84	1291.88	459.64	177	180	928	24.97	40	3	5	2	85	86
933000320047714	3	78	79	5066.13	237.02	121	132	1794	174.92	2708.64	463.53	179	182	1162	81.84	8	1	0	-1	78	79
933000320047715	4	77	78	3490.14	355.62	143	150	1516	247.75	2114.31	571.4	139	139	809	79.73	8	6	13	7	77	78
933000320047716	1	82	83	3008.99	330.33	126	134	1295	313.13	2959.12	375.29	164	164	1275	181.82	35	9	7	-2	82	83
933000320047717	3	83	84	3703.56	170.87	89	102	2007	204.93	1614.48	362.72	119	127	1088	83.48	30	1	3	2	83	84
933000320047718	2	79	80	5076.73	265.12	127	136	860	91.43	5550.56	225.49	128	141	1486	119.31	5	8	0	-8	79	80
933000320047719	4	78	79	4163.32	342.87	135	145	1480	129.19	3439.88	435.69	152	157	1081	93.83	10	3	7	4	78	79
933000320047720	3	77	78	3312.08	309.1	131	143	1649	93.96	3057.02	354.94	146	154	1362	98.15	10	0	0	0	77	78
933000320047725	3	78	79	1838.08	495.63	130	136	860	281.06	2233.91	428.56	115	120	914	45.3	6	1	0	-1	78	79
933000320047752	3	79	80	2553.7	476.67	125	127	824	585.24	4116.42	339.21	109	118	1258	277.81	2	7	7	0	79	80
933000320047753	1	83	84	4335.41	313.04	127	137	1569	202.21	2291.63	511.21	151	159	914	154.48	31	0	3	3	83	84
933000320047754	1	83	84	3398.38	296.26	125	135	1439	572.98	3023.03	368.9	149	160	1136	432.08	35	9	4	-5	83	84
933000320047755	4	78	79	5555.49	282.6	138	152	2055	198.34	4019.47	393.55	148	154	1506	143.44	14	4	7	3	78	79
933000320047757	4	83	84	3183.85	408.92	132	141	1174	56.37	3764.16	409.5	147	148	925	55.45	38	5	2	-3	83	84
933000320047758	2	83	84	4564.7	289.61	133	143	1796	375.67	2741.89	351.72	166	171	909	132.08	31	0	0	0	83	84
933000320047759	3	83	84	4078.1	271.99	124	134	1628	122.16	4626.95	256.99	134	143	1502	167.46	32	0	0	0	83	84
933000320047760	3	79	80	2220.14	375.94	124	130	1270	165.63	1999.55	465.06	139	138	1133	252.77	16	7	2	-5	79	80
933000320047762	4	84	85	5308.41	302.59	137	145	1725	180.22	3953.92	372.05	154	163	1360	271.34	50	2	1	-1	84	85
933000320047767	3	79	80	4013.78	330.35	113	121	1583	157.72	2859.6	441.65	142	148	1221	66.6	6	0	0	0	79	80
933000320047768	1	79	80	2438.17	408.73	145	156	1441	122.04	908.56	548.79	159	166	1044	16.72	7	3	0	-3	79	80
933000320047769	2	83	84	3445.23	362.43	147	152	1508	153.5	2225.45	487.87	176	179	814	66.56	39	6	0	-6	83	84
933000320047770	4	79	80	3350.43	261.54	115	126	1463	229.76	2523.34	397.4	149	160	1305	133.07	16	6	7	1	79	80
933000320047771	4	83	84	4532.96	272.29	117	127	1843	111.2	1616.74	501.32	139	141	901	19.23	40	5	8	3	83	84
933000320047775	4	84	85	4901.11	300.17	133	140	1837	181.09	3538.73	388.12	146	155	1452	135.54	42	0	0	0	84	85
933000320047776	1	81	82	4517.45	302.24	119	130	2353	227.06	3581.45	333.26	131	135	1829	199.29	25	9	4	-5	81	82
933000320047777	3	82	83	2229.94	355.39	153	158	1141	249.17	1655.22	517.42	141	142	904	223.37	24	4	8	4	82	83
933000320047779	3	78	79	3335.89	193.73	106	118	1628	204.63	2579.78	291.21	136	144	1419	117.5	10	0	0	0	78	79
933000320047780	2	78	79	1937.6	342.4	145	156	1364	196.84	682.71	592.89	175	176	854	150.38	7	2	4	2	78	79
933000320047781	1	81	82	6072.26	218.04	98	106	2067	127.02	4982.05	294.89	135	145	1745	162.82	39	1	1	0	81	82
933000320047782	3	82	83	4037.34	269.26	125	132	1727	165.96	3272.49	330.93	156	168	1643	289.87	38	6	0	-6	82	83
933000320047783	3	83	84	3748.92	417.77	141	149	1289	476.47	3507.08	419.41	181	187	1439	386.86	42	2	4	2	83	84
933000320047784	4	81	82	2904.79	265.83	131	138	1874	74.1	2250.62	286.41	132	141	1596	72.84	24	0	0	0	81	82
933000320047785	2	83	84	2058.54	463.6	139	139	977	414.2	1666.64	478.62	177	185	889	279.19	43	8	4	-4	83	84
933000320047786	1	81	82	4732.54	198.58	104	117	1680	132.79	3443.62	449.62	124	126	1147	36.35	37	6	0	-6	81	82
933000320047788	2	83	84	3677.47	357.62	143	150	1293	369.48	2505.68	436.98	152	158	855	75.22	41	0	1	1	83	84
933000320047790	4	77	78	3066.09	249.65	123	135	1647	169.87	2331.06	300.81	132	143	1451	89.92	10	5	2	-3	77	78
933000320047791	3	83	84	4180.85	234.66	109	123	1913	136.59	2714.54	330.02	154	166	1167	94.32	50	0	0	0	83	84
933000320047795	3	78	79	3712.25	306.75	138	152	1669	244.35	3425.97	402.26	168	177	1710	266.54	14	0	0	0	78	79
933000320047797	1	77	78	3010.88	405.35	130	134	1126	201.23	1404.34	561.95	158	159	721	31.25	11	7	4	-3	77	78
933000320047798	4	82	83	3190.42	428.75	174	182	1420	221.58	3343.34	421.14	165	174	1348	473.92	48	11	9	-2	82	83
933000320047799	4	82	83	2789.2	418.98	115	124	1365	83.54	2943.71	401.53	146	156	1219	37.59	32	1	3	2	82	83
933000320047800	4	82	83	3420.57	346.71	153	166	1449	119.58	1538.69	495.02	187	194	917	26.98	36	6	0	-6	82	83
933000320047826	3	73	74	2439.42	384.51	145	149	1343	70.95	2058.21	440.2	160	164	1188	70.49	28	6	5	-1	73	74
933000320047827	1	73	74	5177.93	246.95	113	127	1801	64.57	3872.68	291.75	141	150	1330	81.52	25	0	0	0	73	74
933000320047829	4	73	74	3909.27	255.4	113	121	1821	90.2	2370.81	393.23	150	153	1421	13.93	22	3	1	-2	73	74
933000320047830	2	73	74	2529.95	426.21	162	171	1311	132.98	1969.92	486.8	176	184	879	37.62	21	0	0	0	73	74
933000320047831	4	81	82	1514.58	426.37	157	159	985	197.42	3219.2	421.36	147	154	1219	156.11	42	0	4	4	81	82
933000320047832	3	73	74	3274.66	246.21	117	131	1853	222.31	2458.59	371.39	146	157	1289	146.67	22	0	0	0	73	74
933000320047833	3	75	76	3922.19	249.2	129	136	1945	160.08	1807.14	437.02	148	156	1226	63.76	50	8	4	-4	75	76
933000320047834	4	75	76	3132.36	391.31	137	145	1535	92.85	1681.15	560.62	159	161	971	81.88	46	8	6	-2	75	76
933000320047835	1	75	76	2978.2	451.79	142	147	1475	64.62	3090.26	408.19	142	148	1231	69.89	13	1	0	-1	75	76
933000320047836	1	70	71	3137.24	265.63	123	132	1403	245.02	1918.81	415.61	151	157	1043	119.17	11	0	3	3	70	71
933000320047837	2	69	70	2737	302.85	133	144	1145	114.75	1592.94	403.15	167	173	839	54.25	11	8	6	-2	69	70
933000320047838	3	73	74	4421.44	280.77	111	124	1495	159.79	5112.11	327.51	138	145	1599	280.64	32	0	1	1	73	74
933000320047839	2	73	74	1973.3	466.69	149	153	1099	56.72	1506.42	504.63	171	174	720	28.76	25	3	7	4	73	74
933000320047840	4	75	76	4143.48	226.4	115	125	2131	153.18	1872	366.03	162	168	1323	70.3	50	4	7	3	75	76
933000320047841	4	73	74	2278.54	411.22	135	140	948	72.69	1878.21	410.19	154	161	838	41.9	32	6	5	-1	73	74
933000320047842	1	74	75	1103.76	568.16	141	141	546	45.22	2144.58	488.94	169	177	1002	150.6	21	3	3	0	74	75
933000320047843	3	75	76	2930.24	275.98	122	130	1528	201.74	1493.72	466.5	169	175	1053	154.25	46	2	4	2	75	76
933000320047844	4	73	74	3423.96	458.11	151	152	1470	207.54	2738.98	503.19	156	158	1337	191.58	24	7	5	-2	73	74
933000320047846	3	73	74	2432.6	364.49	156	168	1298	58.48	3166.92	377.43	150	158	1584	81.91	24	0	0	0	73	74
933000320047847	1	75	76	3073.22	214.37	98	110	1250	204.28	1774.84	386.67	141	147	1052	57.71	47	5	2	-3	75	76
933000320047849	2	75	76	2393.59	256.35	128	137	1810	91.52	1739.39	384.84	159	164	1325	78.66	47	6	0	-6	75	76
933000320047850	4	73	74	4266.49	302.29	126	136	1646	209.38	3553.01	332.1	132	142	1353	59.05	28	0	0	0	73	74
933000320047951	3	85	86	3108.04	345.15	143	153	1510	95.66	2334.65	337.65	139	148	1492	86.66	26	0	0	0	85	86
933000320047954	4	85	86	3162.03	414.72	147	157	1355	103.57	2446.76	401.76	164	173	1328	58.14	34	6	3	-3	85	86
933000320047957	4	85	86	3268.73	405.48	186	188	1442	101.28	2907.49	347.85	156	164	1242	34.89	26	4	0	-4	85	86
933000320047958	3	85	86	1975.75	379.43	166	171	1129	117.06	826.89	435.41	186	193	836	36.5	40	7	5	-2	85	86
933000320047959	4	85	86	3577.55	324.37	132	142	1589	167.15	1783.26	487.71	129	130	1117	155.81	30	0	0	0	85	86
933000320047960	3	85	86	3286.16	413.03	136	142	1594	243.84	2317.91	433.11	173	179	1224	309.97	38	5	5	0	85	86
933000320047962	4	85	86	2475.41	501.51	159	166	1378	53.16	2091.57	504.97	161	163	920	73.3	38	5	4	-1	85	86
933000320047963	4	81	82	1534.44	456.12	141	146	1102	202.89	1722.29	500.15	158	164	1180	147.99	12	5	4	-1	81	82
933000320047964	3	85	86	1581.64	482.39	150	155	1247	208.6	1842.15	453.66	167	169	1144	26.91	34	0	0	0	85	86
933000320047968	1	86	87	2678.77	381.79	124	132	1489	68.82	2198.08	454.2	168	176	1027	86.18	27	4	5	1	86	87
933000320047973	3	81	82	2726.33	233.18	123	137	1330	70.28	1752.67	379.73	157	161	1089	32.67	12	5	1	-4	81	82
933000320047975	2	85	86	3156.33	289.2	132	142	1540	148.83	1890.42	417.61	155	163	1088	57.11	27	6	3	-3	85	86
933000320124653	1	78	79	6432.06	292.16	139	148	2312	195.53	5025.46	358.62	135	140	2112	137.26	20	0	0	0	78	79
933000320124661	3	78	79	2170.74	537.48	146	149	1114	236	1819.65	440.09	156	159	1295	83.7	10	8	6	-2	78	79
933000320124662	4	79	80	4088.76	340.14	119	126	1370	190.49	4398.78	406.33	138	144	1261	124.77	24	4	7	3	79	80
933000320124667	1	76	77	2183.51	216.13	112	125	1591	91.29	1294.94	374.71	164	170	1096	13.03	11	0	0	0	76	77
933000320124669	3	80	81	2352.78	399.81	168	172	1442	249.37	2189.67	435.08	153	157	1224	191.07	24	4	6	2	80	81
933000320124682	2	80	81	1976.3	280.03	140	152	1540	132.89	1331.74	420.47	168	176	1273	56.27	23	3	2	-1	80	81
933000320124685	1	80	81	3881.84	331.47	136	144	2526	161.9	3704.48	350.17	137	143	2531	164.68	18	2	0	-2	80	81
933000320124688	2	78	79	1505.71	517.31	137	139	1074	683.84	799.22	592.96	174	172	746	789.46	2	4	5	1	78	79
933000320124693	1	80	81	2413.72	327.99	136	143	1360	172.36	1566.48	439.69	168	174	994	54.34	23	0	2	2	80	81
933000320124694	3	80	81	2645.11	412.6	154	155	1475	583.44	1197.74	552.9	148	146	857	283.87	21	1	1	0	80	81
933000320124701	1	78	79	1304.1	559.61	140	143	988	155.89	1357.4	501.62	153	157	967	85.67	2	6	4	-2	78	79
933000320124715	4	78	79	4085.85	448.36	159	161	1239	391.45	3324.85	423.88	167	175	1062	178.62	8	5	5	0	78	79
933000320124721	1	80	81	4067.31	294.26	129	138	1698	141.91	2986.4	394.39	149	153	1456	99.52	15	0	0	0	80	81
933000320124724	3	78	79	1440.46	501.39	161	164	1324	59.98	1168.76	532.48	175	179	1266	28.14	3	3	0	-3	78	79
933000320124731	4	76	77	4432.41	386.62	136	140	1416	201.85	3490.84	448.77	160	162	1068	63.51	10	1	3	2	76	77
933000320124734	1	75	76	3383.85	309.83	135	143	1354	104.11	1299.99	523.63	157	161	515	40.69	9	4	0	-4	75	76
933000320124735	3	75	76	3974.94	286.73	116	124	1439	185.44	3312	339.56	153	160	1330	194.27	14	7	5	-2	75	76
933000320124750	4	78	79	4210.15	320.24	130	142	1464	145.42	2899.82	358.07	153	162	1140	102.12	21	0	0	0	78	79
933000320124854	2	73	74	3600.64	282.34	136	146	1422	139.87	3872.63	315.02	136	143	1364	148.86	18	0	0	0	73	74
933000320124857	4	71	72	4860.97	362.39	124	129	1480	251.98	3975.45	342.63	142	152	1313	216.99	5	0	0	0	71	72
933000320124862	1	71	72	4795.92	281.03	132	143	1720	225.78	3669.93	356.47	144	151	1304	127.48	7	3	2	-1	71	72
933000320124864	3	71	72	2081.14	380.19	151	159	1416	143.98	1815.44	436.57	145	151	1084	81.65	5	6	3	-3	71	72
933000320124871	4	71	72	4070.98	304.56	133	142	1444	402.51	4728.22	290.45	138	147	1381	161.05	14	3	2	-1	71	72
933000320124873	4	73	74	5451.25	469.19	111	112	1596	154.56	3208.65	495.7	178	181	1276	293.52	16	0	0	0	73	74
933000320124874	3	73	74	2066.2	517.67	152	155	1257	157.1	1568.4	504.91	163	160	1020	42.2	16	2	3	1	73	74
933000320124878	2	72	73	2682.1	351.61	158	168	1179	137.53	1878.13	428.19	176	180	1188	46.78	4	5	5	0	70	71
933000320124886	3	72	73	4093.84	279.39	115	127	1975	222.4	4329.62	281.18	121	131	1965	158.12	19	2	4	2	72	73
933000320124891	3	71	72	3366.47	311.2	143	148	1395	438.34	2489.29	370.34	158	167	1293	187.05	8	5	2	-3	71	72
933000320124892	2	71	72	2876.87	398.45	162	167	1103	123.76	1184.71	512.13	175	179	659	12.57	9	2	3	1	71	72
933000320124893	2	71	72	1663.9	421.15	140	147	1171	400.3	1547.88	413.44	151	158	1129	165.52	11	3	3	0	71	72
933000320124952	2	69	70	3077.63	366.95	164	171	1071	176.34	2635.42	415.92	183	189	913	64.35	7	3	0	-3	69	70
933000320124963	1	71	72	4856.92	208.42	99	111	1894	111.96	1605.68	518.17	142	142	888	3.06	4	0	0	0	69	70
933000320124977	4	69	70	4165.29	490.15	131	135	1281	98.97	2350.17	595.19	133	131	764	106.87	3	2	5	3	69	70
933000320124979	2	71	72	3394.11	279.95	124	134	1374	97.4	2348.93	463.47	150	148	1185	78.73	15	0	0	0	71	72
933000320124993	4	71	72	2865.36	471.13	132	136	1045	362.88	2298.56	540.66	160	166	1094	393.91	19	4	4	0	71	72
933000320125000	2	71	72	1639.95	441.31	161	171	1075	483.74	389.63	640.32	169	167	388	9.88	20	5	8	3	71	72
933000320046368	3	79	80	3355.54	301.96	135	148	1572	182.06	2032.54	441.18	162	166	1058	166.16	22	2	1	-1	79	80
933000320048051	2	140	141	2346.84	352.77	144	153	1541	188.95	2660.14	370.58	135	144	1433	340.01	27	1	0	-1	140	141
933000320048054	4	140	141	2872.34	364.78	141	146	1297	236.07	2187.29	465.85	147	153	966	163.12	24	8	5	-3	140	141
933000320048056	1	142	143	3539.44	339.3	155	162	1193	266.27	2441.82	467.62	163	166	900	40.75	45	4	0	-4	142	143
933000320048057	1	140	141	4176.9	304.41	123	130	1846	231.52	2378.4	395.95	142	149	1341	65.04	27	1	2	1	140	141
933000320048059	3	141	142	2452	485.18	149	151	1342	227.93	213.2	707.12	143	141	384	3.01	22	0	7	7	141	142
933000320048060	1	140	141	4578.14	429.26	150	153	1605	108.22	4387.03	351	159	166	1460	94.84	23	0	0	0	140	141
933000320048065	3	141	142	1355.12	446.12	157	158	932	198.02	1048.73	523.56	185	189	842	210.22	24	1	0	-1	141	142
933000320048074	2	142	143	2698.21	434.56	150	155	1466	543.07	1362.75	521.94	169	173	1133	470.54	43	9	7	-2	142	143
933000320048176	3	149	150	2130.75	420.97	123	126	1129	121.62	1359.71	490.51	146	148	925	63.68	26	1	0	-1	149	150
933000320048178	3	148	149	2601.19	451.94	169	170	1325	69.55	2667.31	495.47	150	150	1235	37.41	38	4	2	-2	148	149
933000320048179	2	144	145	1234.08	463.52	158	165	1246	158.94	1097.38	468.7	150	152	1200	296.17	13	5	5	0	144	145
933000320048180	3	148	149	807.48	478.06	150	151	958	602.25	626.81	546.12	177	179	778	446.74	10	6	7	1	148	149
933000320048183	1	147	148	3355.8	252.3	106	118	1327	356.5	2217.39	445.52	148	157	936	171.58	13	0	0	0	147	148
933000320048184	4	148	149	3068.17	426.09	145	151	1278	195.25	2847.84	469.07	177	184	1343	101.64	8	0	0	0	148	149
933000320048185	1	149	150	3891.8	371.33	151	154	1425	128.81	4077.65	405.33	152	161	1587	123.33	35	0	0	0	149	150
933000320048187	3	149	150	2067.54	428.1	149	153	1196	298.35	1940.36	504.24	167	172	988	137.15	36	0	3	3	149	150
933000320048188	1	147	148	4771.56	266.3	107	117	2017	291.33	3715.53	364.45	149	159	1789	273.48	9	0	0	0	147	148
933000320048189	4	149	150	2053.56	418.46	146	153	1012	312.96	1256.49	525.25	179	181	760	230.9	26	3	1	-2	149	150
933000320048190	3	146	147	2835.74	402.82	161	166	1143	322.14	1086.75	620.89	142	143	742	41.39	12	3	4	1	146	147
933000320048191	2	149	150	2779.38	419.92	146	154	1178	206.91	2277.7	480.86	160	164	1010	129.5	33	2	2	0	149	150
933000320048192	2	147	148	2288.75	564.38	141	143	1036	56.79	1726.76	525.33	184	189	1211	48.27	11	2	1	-1	147	148
933000320048193	2	148	149	2291.37	427.21	159	164	1022	390.38	2496.46	391.16	146	151	1204	262.3	35	0	2	2	148	149
933000320048194	3	147	148	2550.79	336.19	127	132	1364	261.2	1843.44	402.51	148	160	1091	195.01	8	5	4	-1	147	148
933000320048195	2	144	145	3257.92	396.88	143	146	1316	258.99	3146.48	435.72	135	142	1496	146.87	9	6	0	-6	144	145
933000320048197	1	146	147	2271.44	463.14	159	162	1028	357.31	2121.74	466.37	142	151	977	265.82	29	2	2	0	146	147
933000320048198	1	150	151	6140.74	234.49	114	129	2160	209.47	4147.32	349.95	140	150	1563	133.39	33	0	0	0	150	151
933000320048199	3	150	151	3137.45	360.12	141	150	2291	125.88	3047.31	410.13	167	171	1977	216.61	32	5	8	3	150	151
933000320048200	4	146	147	1791.09	487.44	151	150	878	289.39	818.39	538.46	130	132	607	105.41	12	6	6	0	146	147
933000320048226	2	152	153	5226.46	329.65	134	139	1902	201.46	4505.12	400.45	149	155	1859	146.93	31	0	0	0	152	153
933000320048227	2	154	155	1362.1	455.91	171	177	933	144.36	1644.29	487.55	176	186	1089	171.89	41	5	0	-5	154	155
933000320048228	4	151	152	1991.2	384.71	146	152	1288	67.5	2342.07	464.97	152	164	1302	407.68	32	2	2	0	151	152
933000320048230	4	151	152	3230.55	473.02	143	147	1291	234.73	3263.82	400.66	157	165	1405	85.4	4	0	0	0	151	152
933000320048231	4	151	152	4046.95	376.86	131	137	1402	78.97	3419.08	365.66	153	161	1345	62.44	36	1	2	1	151	152
933000320048232	2	151	152	2124.97	401.8	156	163	1277	319.72	563.28	611.54	141	148	713	106.87	29	6	3	-3	151	152
933000320048233	1	148	149	4897.01	357.17	120	123	1690	156.38	3144.72	450.05	151	162	1361	92.41	11	0	0	0	148	149
933000320048234	3	151	152	2489.86	399.8	153	153	1028	271.15	2036.67	350	157	161	975	185.71	4	0	0	0	151	152
933000320048235	2	151	152	3438.11	262.76	119	126	1544	188.81	2830.6	338.24	143	152	1341	156.44	5	8	10	2	151	152
933000320048236	2	150	151	1854.12	409.05	136	144	1284	247.49	1380.56	433.91	189	196	1122	74.33	17	1	2	1	150	151
933000320048237	1	149	150	1760.36	499.98	134	131	996	387.96	1356.78	505.33	155	154	895	271.74	17	10	6	-4	149	150
933000320048238	1	152	153	3058.26	401.38	137	144	956	128.8	3474.32	434.55	170	172	1164	178.87	37	0	0	0	152	153
933000320048239	1	151	152	5092.34	298.01	145	154	2651	161.5	3480.86	404.37	163	172	2027	179.99	31	0	0	0	151	152
933000320048240	4	151	152	2655.18	394.24	119	124	1321	647.28	1212.79	528.1	155	158	1131	405.96	10	3	6	3	151	152
933000320048241	2	151	152	2196.09	418.77	156	162	1134	589.16	2049.93	506.05	177	178	985	522.79	3	3	0	-3	151	152
933000320048243	3	151	152	2840.5	370.78	131	140	1518	167.43	2484.45	383.89	156	164	1384	105.65	6	2	0	-2	151	152
933000320048244	1	155	156	2671.29	404.13	135	146	1180	167.74	2696.02	470.01	147	152	1273	142.07	41	0	0	0	155	156
933000320048245	3	151	152	1522	545.16	157	156	1224	190.57	1583.56	422.19	144	148	953	83.18	2	6	6	0	151	152
933000320048246	2	153	154	2436.8	393.72	152	159	1081	73.56	930.4	509.22	182	186	852	17.82	37	6	3	-3	153	154
933000320048247	2	150	151	2683.11	451.82	173	182	1322	513.93	2024.12	502.7	194	197	1151	163.32	7	3	0	-3	150	151
933000320048248	1	151	152	5120.97	285.65	130	136	1395	383.1	4028.55	414.88	149	154	976	178.25	15	6	4	-2	151	152
933000320048249	4	150	151	3399.88	303.64	132	142	1183	229.87	1797.15	539.39	156	159	873	26.33	6	0	0	0	150	151
933000320048250	1	149	150	2805.55	397.78	146	148	1209	358.75	2128.48	449.91	146	157	1031	263.06	7	3	3	0	149	150
933000320186876	3	79	80	3498.57	350.16	151	159	1487	98.33	1824.48	420.83	158	166	952	41.27	36	10	4	-6	79	80
933000320186879	1	77	78	1311	444.21	130	134	903	141.33	1171.8	529.97	156	158	880	31.28	19	6	3	-3	77	78
933000320186884	1	77	78	2141.67	480.82	134	136	1190	202.55	2003.82	400.11	140	143	1195	35.71	15	8	5	-3	77	78
933000320186889	3	79	80	2804.75	293.16	139	150	1267	39.23	2101.56	353.05	158	166	1307	37.13	32	2	0	-2	79	80
933000320186891	2	81	82	1992	504.42	145	147	1117	317.98	2316.47	444.03	164	169	989	317.59	43	0	0	0	81	82
933000320186892	2	77	78	2202.25	362.26	143	153	1533	364.15	1504.94	477.33	191	197	1209	522.81	19	3	4	1	77	78
933000320186893	1	77	78	3032.89	319.53	134	143	1581	165.98	2275.26	435.08	135	134	1209	115.34	3	2	0	-2	77	78
933000320186896	2	79	80	3236.19	386.24	158	166	1088	201.4	3286.55	428.38	165	170	902	127.59	35	0	2	2	79	80
933000320186958	2	85	86	2598.05	357.75	141	149	993	99.24	1538.93	507.39	137	142	323	39.74	49	0	0	0	85	86
933000320186961	2	84	85	2515.59	471.38	155	161	1269	166.48	1756.68	397.74	150	156	1004	73.96	21	0	6	6	84	85
933000320186962	1	85	86	3283.67	340.69	136	142	1410	73.59	3177.06	393.36	160	164	1564	70.45	41	0	0	0	85	86
933000320186968	3	85	86	1907.37	306.29	121	130	1295	229.89	893.52	487.33	147	152	722	132.02	44	4	0	-4	85	86
933000320186969	1	83	84	4294.81	338.67	147	156	1540	214.06	3661.46	426.28	163	173	1309	221.22	33	6	0	-6	83	84
933000320186970	2	86	87	1615.77	537.6	136	135	1111	139.46	848.93	624.87	170	168	681	8.54	41	0	3	3	86	87
933000320186971	2	81	82	2247.06	366.65	143	149	1695	711.28	2116.94	445.43	130	137	1366	584.86	1	11	2	-9	81	82
933000320186973	1	81	82	4502.57	208.61	89	103	1732	350.2	2839.39	284.2	125	133	1488	195.51	7	6	7	1	81	82
933000320186976	1	81	82	4335.14	265.76	114	125	1553	80.1	2184.19	392.24	148	152	941	63.72	23	0	0	0	81	82
933000320186979	2	83	84	3124.37	418.26	129	136	1089	121.38	2274.17	531.35	136	140	809	86.21	47	3	0	-3	83	84
933000320186981	1	81	82	4840.71	324.19	129	138	1743	231.84	3695.09	347.37	144	150	1437	305.34	29	3	5	2	81	82
933000320186982	3	79	80	1968.03	420.96	173	180	1617	360.47	1912.98	452.17	163	171	1406	108.61	2	3	4	1	79	80
933000320186984	1	79	80	1510.95	453.25	155	161	1266	65.49	2123.74	432.29	137	139	1134	63.65	11	0	6	6	79	80
933000320186985	4	79	80	3673.95	320.47	148	155	1601	191.38	3148.76	330.94	141	147	1405	96.89	14	0	0	0	79	80
933000320186992	4	81	82	3268.58	329.99	127	137	1401	186.42	950.27	548.16	145	145	796	13.66	24	2	0	-2	81	82
933000320187000	4	79	80	2244.23	359.82	146	154	1289	154.87	1966.17	381.87	140	146	1121	64.79	4	10	2	-8	79	80
933000320187076	4	79	80	2692.8	351.72	143	155	1454	233.4	2302.08	301.59	141	152	1365	158.22	38	6	0	-6	79	80
933000320187079	4	81	82	3971.19	337.68	138	143	1813	201.51	3270.3	455.96	135	141	1305	155.75	42	0	0	0	81	82
933000320187085	2	79	80	2698.28	336.72	150	161	1384	106.25	1923.34	414.7	157	162	860	44.7	31	0	0	0	79	80
933000320187090	1	79	80	2759.34	433.35	128	134	1100	84.01	1546.36	504.96	140	146	912	50.74	35	3	0	-3	79	80
933000320187096	3	80	81	4529.78	260.9	128	138	1648	210.5	3993.02	276.01	138	151	1313	167.35	24	1	1	0	80	81
933000320187097	1	78	79	3981.67	371.97	134	141	1482	70.08	3269.77	439.49	153	160	1389	176.87	17	3	0	-3	78	79
933000320187127	1	84	85	2119.58	392.86	165	172	1204	334.56	2394.5	341.2	160	166	1148	513.6	21	2	2	0	84	85
933000320187131	4	86	87	3557.74	338.45	142	142	1636	197.95	1531.17	529.16	143	144	769	41.29	44	6	7	1	86	87
933000320187141	1	86	87	3981.83	309.04	138	146	1748	194.42	2130.53	447.1	162	171	1087	183.2	49	0	7	7	86	87
933000320187149	4	84	85	4437.46	376.03	137	143	1615	148.76	2647.09	400.2	142	150	1329	70.2	22	0	0	0	84	85
933000320187153	4	78	79	1885.84	460.27	146	154	1207	139.39	1562.27	430.46	167	170	1070	88.31	2	8	0	-8	78	79
933000320187154	2	80	81	1549.97	456.67	171	177	888	51.94	1611.48	402.58	162	171	882	25	23	2	4	2	80	81
933000320187155	2	77	78	2330.69	467.3	136	142	1160	149.41	1784.83	531.12	157	162	1160	85.23	17	7	2	-5	77	78
933000320187157	2	78	79	2331.91	440.56	163	170	1438	209.46	1730.32	442.75	163	167	1110	21.66	11	10	3	-7	78	79
933000320187159	1	81	82	3797.89	280.96	115	125	1532	168.09	1733.31	492.29	156	163	1033	40.61	37	7	4	-3	81	82
933000320187160	3	79	80	2730.7	357.95	149	158	1209	304.63	2386.33	385.13	150	160	1295	165.74	4	8	8	0	79	80
933000320187162	3	79	80	4215.69	300.45	123	132	1496	179.14	2620.69	386.02	138	142	1112	176.21	14	2	2	0	79	80
933000320187165	2	79	80	1912.87	359.89	139	150	1309	251.78	1200.71	427.92	156	159	1212	388.44	37	7	9	2	79	80
933000320187173	1	83	84	2834.84	433.39	144	150	1135	319.14	2281.72	585.28	121	121	1082	158.83	47	6	5	-1	83	84
933000320187175	2	80	81	3608.91	291.32	135	144	1371	360.51	2817.32	379.8	158	160	1462	139.33	29	8	0	-8	80	81
933000320187187	4	75	76	4051.61	347.31	134	143	1499	91.9	2992.53	473.36	163	169	1175	139.55	16	0	0	0	75	76
933000320187188	3	75	76	2694.24	331.54	140	151	1223	93.43	2531.97	411.23	164	172	1330	192.46	12	3	0	-3	75	76
933000320187189	3	75	76	2671.1	352.17	139	149	1349	79.79	2589.15	387.03	149	156	1182	238.69	16	5	5	0	75	76
933000320187190	2	77	78	3488.36	322.02	153	165	1457	197.62	2476.72	471.06	153	160	1067	60.52	39	10	0	-10	77	78
933000320187191	4	75	76	2884.28	449.81	165	168	1409	165.01	1799.98	536.27	167	177	1308	41.37	20	6	6	0	75	76
933000320187192	4	78	79	3916.5	224.52	115	126	1431	308.74	3868.26	194.63	104	118	1464	140.76	34	5	8	3	78	79
933000320187194	3	76	77	3384.28	275.23	127	137	1660	163.54	3069.75	379.03	166	177	1521	151.04	18	0	7	7	76	77
933000320187199	4	75	76	4400.89	267.1	119	128	1576	225.37	4019.39	329.75	139	144	1574	216.59	10	0	0	0	75	76
933000320187203	4	78	79	2570.52	429.58	161	169	1152	124.46	2513.73	477.41	142	147	1015	116.87	36	8	0	-8	78	79
933000320187207	2	76	77	1961.54	444.83	166	169	1309	246.15	1938.56	476.23	170	176	1199	232.01	13	5	0	-5	76	77
933000320187209	1	79	80	3960.77	374.12	136	151	1511	79.91	3123.93	450.06	160	166	1260	64.14	31	0	0	0	79	80
933000320187212	3	82	83	4040.89	270.73	120	131	1670	143	4175.94	303.54	124	130	1628	208.48	42	5	1	-4	82	83
933000320187214	1	80	81	3777.51	329.9	135	143	1605	156.28	2812.77	438.66	156	160	1457	110.44	43	0	0	0	80	81
933000320187217	1	76	77	2387.53	469.72	144	155	986	292.66	1357.07	600.92	147	151	664	195.57	13	6	6	0	76	77
933000320187219	2	78	79	2193.2	486.38	157	165	1232	258.89	2337.58	482.32	175	179	1184	199.13	3	1	0	-1	78	79
933000320187223	3	79	80	4329.72	203.96	102	112	1838	239.04	3157.57	341.03	147	159	1353	182.17	38	3	0	-3	79	80
933000320187232	4	85	86	3248.18	381.76	153	156	1302	391.1	3272.15	388.34	159	172	1149	283.76	46	6	0	-6	85	86
933000320187233	3	85	86	1885.99	389.18	130	138	1051	147.61	1584.99	468.64	178	175	1271	119.59	46	5	6	1	85	86
933000320187236	1	81	82	3170.34	387.19	155	162	1466	307.11	2441.04	429.16	164	168	1407	67.2	1	5	0	-5	81	82
933000320187239	4	82	83	3877.07	359.1	143	153	1698	149.79	3427.9	366.81	147	158	1599	117.46	26	0	0	0	82	83
933000320187240	2	83	84	3127.9	384.82	159	168	1375	336.24	1584.19	566.13	165	163	860	36.63	33	0	0	0	83	84
933000320187245	3	83	84	2594.22	382.08	141	147	1476	56.2	1906.42	390.71	161	169	1200	282.91	26	2	2	0	83	84
933000320187249	2	80	81	2209.26	437.59	162	167	1211	386.43	1646.84	448.32	160	170	1209	83.96	7	8	6	-2	80	81
933000320187251	3	73	74	1912.55	440.78	142	146	1009	62.42	1948.97	519.2	182	184	965	200.38	20	7	6	-1	73	74
933000320187259	3	73	74	3022.16	302.48	131	141	1394	151.15	2154.51	427.27	153	159	1042	92.45	10	5	1	-4	73	74
933000320187260	2	73	74	1974.78	481.05	143	148	1078	373.47	2145.05	415.82	182	185	1220	182.68	15	8	7	-1	73	74
933000320187261	4	74	75	3203.11	395.56	132	140	1691	130.37	2764.62	501.18	148	148	1545	226.2	18	0	0	0	74	75
933000320187269	3	75	76	3085.7	348.98	136	147	1472	67.56	2892.14	362.25	149	158	1097	45.94	40	4	0	-4	75	76
933000320187270	4	74	75	2436.88	409.69	131	136	1118	112.49	1769.98	488.13	159	164	1002	44.76	12	6	0	-6	74	75
933000320187302	3	78	79	2375.97	352.04	146	157	1273	200.91	2178.86	361.02	162	174	1221	94.8	50	4	0	-4	78	79
933000320187321	3	76	77	1493.09	535.62	152	154	902	81.98	1876.08	473.77	177	178	1074	164.11	34	8	4	-4	76	77
933000320187337	4	69	70	3917.5	344.11	128	134	1736	169.22	4800.5	343.9	127	133	1721	82.94	8	0	0	0	69	70
933000320187344	4	71	72	3295.63	309.5	126	132	1559	85.01	1489.86	406.09	173	179	1318	148.24	28	4	5	1	71	72
933000320187345	4	74	75	2740.8	514.92	135	136	994	43.04	2297.51	382.74	153	162	847	56.74	48	0	0	0	74	75
933000320187348	3	83	84	3086.1	346.42	141	154	1527	118.84	2092.29	327.76	145	150	1326	111.07	22	2	3	1	83	84
933000320187352	3	71	72	3315.46	272.18	127	142	1538	410.39	1969.7	381.22	149	162	1069	182.35	6	0	6	6	71	72
933000320187354	4	70	71	3303.43	335.18	134	148	1407	114	2899.29	393.1	139	146	1182	146.5	6	2	3	1	70	71
933000320187355	3	72	73	2684.78	312.67	134	144	1351	88.85	2006.09	282.25	137	145	1301	94.77	28	2	1	-1	72	73
933000320187356	3	71	72	2279.4	412.82	132	139	1172	104.88	2475.11	428.11	155	166	1277	56.24	8	8	7	-1	71	72
933000320187358	1	72	73	5155.06	222.33	116	129	1696	123.49	3040.1	364.39	141	145	1401	132.24	25	5	4	-1	72	73
933000320187360	2	71	72	3015.64	415.01	149	162	1070	544.3	1720.95	485.96	174	180	804	316.53	5	4	5	1	71	72
933000320187361	1	72	73	6741.56	237.57	106	113	1906	275.44	4682.49	320.56	131	136	1569	113.86	9	1	0	-1	72	73
933000320187362	2	76	77	1650.5	421.08	156	163	1358	151.21	84.29	677.14	162	163	475	0.16	45	3	1	-2	76	77
933000320187363	1	73	74	2379.73	302.9	126	134	1333	111.99	1455.47	434.08	151	162	945	76.71	27	9	8	-1	73	74
933000320187364	4	74	75	3865.99	352.43	148	157	1359	151.04	3390.02	348.58	140	145	1337	154.52	30	4	4	0	74	75
933000320187365	3	76	77	3355.31	306.21	132	141	1491	84.55	2346	470.76	159	164	1135	68.52	48	2	5	3	76	77
933000320187366	1	76	77	4988.68	208.17	117	129	1982	233.14	3669.55	306.57	129	138	1521	106.85	45	3	0	-3	76	77
933000320187367	2	76	77	2345.1	420.23	154	157	1053	393.47	2684.63	394.75	131	141	1135	194.02	25	4	4	0	76	77
933000320187368	2	72	73	3972.9	244.95	126	136	1123	156.03	1803.73	356.08	165	171	895	72.62	9	0	0	0	72	73
933000320187369	3	74	75	3101.5	222.47	113	122	1502	109.92	1526.28	371.38	166	174	1096	69.61	30	0	0	0	74	75
933000320187370	1	72	73	3103.51	352.57	137	142	1365	186.51	2024.91	410.11	157	163	1015	100.38	5	4	0	-4	72	73
933000320187371	4	76	77	3457.29	334.02	134	142	1452	199.39	1801.18	513.65	152	155	996	90.15	50	2	1	-1	76	77
933000320187372	1	74	75	3997.4	243.25	110	119	1749	108.24	2689.15	368.69	153	159	1578	87.5	39	0	0	0	74	75
933000320187373	4	74	75	2227.48	585.02	84	80	1073	41.92	2107.73	486.34	168	175	921	47.62	40	3	0	-3	74	75
933000320187374	4	74	75	3482.95	353.64	138	146	1375	105.87	2602.75	404.15	168	175	1269	60.48	32	4	0	-4	74	75
933000320187375	2	76	77	3598.77	328.05	146	160	1588	426.56	2576.45	342.25	156	168	1292	233.35	27	5	4	-1	76	77
933000320187377	3	159	160	3222.02	287.49	122	131	1879	156.57	2434.11	303.32	138	149	2080	109.24	46	8	0	-8	159	160
933000320187379	1	156	157	3441.78	235.29	106	113	1794	210.1	2491.69	283.12	132	143	1331	116.18	3	0	0	0	156	157
933000320187381	4	158	159	4840.46	327.17	133	137	1552	86.35	4712.65	330.13	128	135	1530	182.05	28	0	0	0	158	159
933000320187382	4	159	160	3654.59	343.18	137	138	1232	139.17	1934.08	521.08	142	148	787	151.29	34	2	3	1	159	160
933000320187383	4	158	159	4818.71	370.27	151	157	1747	311.76	3428.69	440.87	156	161	1353	96.21	30	0	0	0	158	159
933000320187386	3	157	158	2811.23	276.92	128	135	1397	232.66	2541.77	389.08	150	158	1198	154.95	40	0	0	0	157	158
933000320187387	1	156	157	1937.37	539.52	155	160	826	151.04	2441.35	456.99	144	149	873	148.86	5	3	5	2	156	157
933000320187390	3	159	160	3604.65	312.83	131	142	1454	213.85	4300	380.96	153	165	1642	258.24	28	5	1	-4	159	160
933000320187401	1	144	145	3042.35	396.97	134	139	1112	247.57	3476.71	434.18	165	172	1036	192.71	43	3	2	-1	144	145
933000320187402	4	142	143	3318.68	391.71	138	147	1240	81.2	2986.87	414.16	164	176	1180	112.48	20	2	0	-2	142	143
933000320187403	3	145	146	2937.79	402.29	165	172	1409	122.67	1403.8	501.75	165	168	800	104.16	48	4	0	-4	145	146
933000320187404	4	141	142	2850.7	445.22	144	153	1332	71.83	2571.45	495.83	174	178	1204	71.39	22	0	0	0	141	142
933000320187405	2	139	140	1179.43	494.29	129	133	1207	122.46	1603.52	477.46	159	166	1188	448.94	1	4	2	-2	139	140
933000320187406	2	141	142	2349.97	467.51	154	159	1276	296.85	2789.75	439.79	134	143	1265	218.64	23	5	1	-4	141	142
933000320187407	1	142	143	3975.04	382.19	140	149	1421	77.25	3456.04	431.39	154	157	1328	235.48	19	2	1	-1	142	143
933000320187408	2	145	146	1098.07	453.01	161	167	1266	192.89	797.13	546.6	149	151	995	61.2	45	6	6	0	145	146
933000320187409	1	145	146	1897.36	466.69	136	141	882	223.25	2543.14	361.31	154	164	1238	129.55	47	0	0	0	145	146
933000320187410	2	144	145	4061.46	278.76	119	125	1475	271.58	1847.08	559.1	145	151	1062	14.91	47	0	0	0	144	145
933000320187411	1	145	146	4724.71	269.26	135	144	2061	149.54	2513.61	475.3	144	147	1190	27.43	49	0	0	0	145	146
933000320187412	4	146	147	3637.65	413.78	160	165	1154	66.03	3647.34	461.39	171	176	1378	125.46	38	7	0	-7	146	147
933000320187413	3	145	146	2359.85	437.93	193	199	1166	254.97	1376.68	447.39	203	211	762	120.63	44	5	6	1	145	146
933000320187414	2	143	144	2152	466.66	155	158	1223	320.27	1912.3	494.93	154	159	1133	232.49	49	8	6	-2	143	144
933000320187415	4	143	144	2002.97	545.36	162	170	950	502.29	648.86	736.05	142	133	526	92.62	50	10	0	-10	143	144
933000320187416	1	145	146	2163.04	411.65	148	154	1101	29.15	3012.13	394.89	147	153	1107	101.73	39	7	5	-2	145	146
933000320187417	4	146	147	2185.62	446.82	162	168	1191	131.49	1768.89	540.74	163	167	1120	146.07	42	2	11	9	146	147
933000320187418	3	146	147	2252.06	284.51	123	131	1469	237.96	1892.06	340.16	140	146	1232	248.54	50	5	9	4	146	147
933000320187419	4	142	143	3111.3	506.55	166	168	1300	309.94	2752.47	513.1	156	156	1323	93.07	16	0	0	0	142	143
933000320187420	1	141	142	1545.11	460.64	148	153	1174	335.36	1104.73	535.94	179	179	1099	102.99	1	2	1	-1	141	142
933000320187421	3	139	140	1315.68	467.11	159	167	1149	35.96	658.22	607.59	163	164	908	27.95	20	8	5	-3	139	140
933000320187422	3	147	148	1489.9	453.36	157	165	1114	549.48	438.89	573.48	167	169	707	101.64	42	5	0	-5	147	148
933000320187423	2	142	143	2106.03	475.09	167	171	927	68.65	1167.06	528.15	171	173	760	46.43	19	2	3	1	142	143
933000320187424	3	142	143	1728.51	487.26	153	159	1012	420.97	866.47	609.75	144	144	769	45.92	14	1	5	4	142	143
933000320187426	2	144	145	3951.97	428.28	130	136	1409	429.81	3094.91	527.83	157	161	1093	196.84	25	0	0	0	144	145
933000320187427	2	145	146	4036.43	402.19	147	158	1884	123.42	3428.52	443.34	145	150	1553	143.5	39	0	0	0	145	146
933000320187428	4	143	144	2092.83	404.32	144	148	1328	192.2	1503.95	548.48	147	151	920	135.45	18	5	4	-1	143	144
933000320187429	3	143	144	5125.51	309.49	138	149	2010	197.92	3324.22	371.93	153	157	1389	113.91	16	0	0	0	143	144
933000320187430	4	143	144	1670.75	590.14	157	156	1154	120.97	1004.69	645.3	158	161	870	75.94	14	5	4	-1	143	144
933000320187431	1	155	156	1800.32	611.32	98	97	730	357.93	2440.54	453.71	127	128	1065	245.74	21	1	0	-1	155	156
933000320187432	4	153	154	1120.55	671.36	123	126	934	723.67	1227.82	616.93	189	187	981	735.97	2	0	0	0	153	154
933000320187433	4	158	159	3744.11	448.12	163	170	1351	365.8	2350.98	545.55	187	184	893	142.36	46	0	0	0	158	159
933000320187435	4	147	148	2939.76	431.21	166	169	1340	39.64	3155.16	378.56	156	167	1204	119.06	48	12	1	-11	147	148
933000320187438	3	156	157	3286.98	326.23	156	165	1091	236.33	1887.55	443.95	154	165	899	162.55	34	1	0	-1	156	157
933000320187439	2	152	153	2679.79	459.34	136	141	1279	147.54	1671.04	547.74	175	182	837	42.1	15	0	0	0	152	153
933000320187441	1	145	146	3496.08	430.77	132	133	1499	257.44	3709.86	400.61	151	157	1725	444.69	25	1	4	3	145	146
933000320187442	3	156	157	1552.4	480.88	177	185	1041	100.8	959.82	546.88	162	169	829	29.88	30	2	6	4	156	157
933000320187443	2	156	157	1012.98	495.79	159	168	1062	114.61	480.97	617.28	165	166	624	272.84	21	4	2	-2	156	157
933000320187448	4	154	155	3897.39	321.63	150	155	1375	204.48	3677.98	368.44	146	158	1212	145.79	40	4	0	-4	154	155
933000320187449	4	147	148	3560.61	424.05	143	148	1720	226.38	3237.2	424.04	154	163	1583	140.14	44	2	0	-2	147	148
933000320187450	3	143	144	3025.42	278.65	128	137	1321	448.21	1889.88	366.75	159	168	996	157.79	18	4	7	3	143	144