rfid	lga_mean_12_14	lga_mean_inactive_12_14	lga_mean_to_12_14	lga_loading_phase_intake_12_14	lga_titration_phase_12_14	lga_iti_median_12_14
933000120124701	143	0.666666667	4.333333333	25	66	148.5
933000120138286	85.66666667	1.333333333	291.6666667	0.333333333	24.66666667	140
933000120138579	83.33333333	9	32.33333333	8	19	59
933000120138674	9.333333333	27	0.666666667	0	12	383
933000120138607	26.33333333	184.3333333	1.333333333	3	21	320.5
933000120138437	83	11	9	4	14	266.6666667
933000320046379	68.33333333	1.333333333	9.666666667	10	24	239
933000320046920	2.666666667	3	0	2	4	80
933000320047335	129.6666667	1	4.666666667	25	48	141
933000320047936	115.3333333	7	2.333333333	26	55	186
933000320047941	109	0	8	17	50	205
933000320187088	99	0	2.333333333	10	43	210.5
933000320048589	96.33333333	2.333333333	11.66666667	3	47	225.5
933000320048789	133.3333333	1.333333333	38.33333333	28	57	168
933000320049196	99.33333333	3	15.66666667	8	61	211
933000320188427						
933000120117334	188	364	149.3333333	99	119	47
933000120138300	20	0	3	4.333333333	6	500
933000120138561	76	0	11	12	41	235
933000120138677	143.3333333	1	88.33333333	34	65	136
933000120138406	71.33333333	0	5.333333333	9	32	284
933000320046605	147.3333333	1	9.666666667	24	64	141
933000320046131	86.66666667	0	0.666666667	10	27	252
933000320047115	87.33333333	0.333333333	7.333333333	11	38	253
933000320047330	108	2	5	17	54	199
933000320047949	35.66666667	28	20	8	32	132.5
933000320187246	98	0.333333333	2	26	39	223
933000320187093	88	4	5.666666667	6	47	223
933000320048760	83.66666667	1	5.666666667	5	43	244
933000320048800	87.66666667	0.333333333	2.333333333	20	37	245.5
933000320188255	189	849	333.3333333	64	66	71.5
933000320499687						
933000120117343	119	1	8.333333333	26	56	177
933000120138282	128.6666667	21.66666667	69.33333333	16	49	51
933000120138648	130.6666667	1.333333333	14	19	66	160
933000120138666	126	1.333333333	7.666666667	23	56	173
933000120138411	125	0	6	25	60	174
933000320046613	127	1617	20	14	71	117
933000320045744	113.3333333	1	8.666666667	25	44	190
933000320047116	88.66666667	3	3	3	52	203
933000320046836						
933000320047665	109.3333333	0.666666667	28.66666667	23	57	125
933000320186953	97	1	5.333333333	6	49	202.5
933000320187098	9.333333333	4.666666667	0.333333333	0	10	163
933000320048583	122	0	12.66666667	26	59	156
933000320049142	84	0.666666667	6	12	37	242
933000320187741	106.6666667	1	4	14	49	202
933000320187998	140	0.333333333	34	30	64	157
933000120117355	111	0.333333333	6.333333333	22	50	190
933000120138279	77.66666667	0	22.66666667	0	44	171
933000120138642	99	2.666666667	23.66666667	17	44	223
933000120138663	78.33333333	9.666666667	6.666666667	8	50	196.5
933000120138432						
933000320045781	119	0	1.333333333	12	56	176
933000320045735	10	1.333333333	1.333333333	7	9	944
933000320046915	93.66666667	0	0.333333333	8	46	217
933000320047387	150.3333333	1.666666667	26	23	76	141
933000320047897	145.3333333	4.333333333	10.33333333	22	73	151
933000320186954	0	0	5.333333333			
933000320187081	91	2	186	10	19	36
933000320048212	97	0.333333333	12.33333333	13	49	207
933000320048985	63.33333333	181.3333333	8	7	31	271
933000320187947	10.66666667	14	0.333333333	3	10	1572
933000320188295	95.66666667	3.333333333	18	20	40	137
933000120117346	115	0	3.333333333	16	52	181
933000120138271	125.6666667	0	12	28	54	178
933000120138559	128.6666667	8.666666667	68.33333333	26	52	165
933000120138387	133.3333333	0	10.33333333	30	57	157
933000120138726	36	4	9.666666667	2.333333333	1.666666667	450
933000320045792	141	6.666666667	229	9	94	32
933000320046092	119	0	0	17	63	177
933000320047144	7.333333333	0.333333333	1.333333333	6	2	166
933000320047383	131.3333333	4	5	14	55	161
933000320047666	63	0	8	10	18	368
933000320186994	27.33333333	6	7.666666667	3	13	65
933000320187092	83.66666667	0	24.33333333	9	38	260.5
933000320048527	137.6666667	0	1	25	65	158
933000320049131	114	2.333333333	6.666666667	11	52	190
933000320188113	113.3333333	2.666666667	35.33333333	30	54	188
933000320188292	4	0.666666667	1.333333333	1	1	507
933000120124699	159.3333333	1.333333333	224	44	69	72
933000120138353	107	0.333333333	37	21	47	199
933000120138556	155	3	10.66666667	18	73	135
933000120138405	84.66666667	0	12.66666667	3	39	253
933000120138410	143	0	13.66666667	8.666666667	12.33333333	150
933000320045777	132.6666667	4	13.33333333	12	72	129
933000320045670	21	1	0	4	22	541
933000320047130	113.6666667	0	8.666666667	35	50	193.5
933000320047376	169	4.333333333	1.333333333	31	70	123
933000320047900	94	2.333333333	10	11	45	227
933000320186957	55	2	3	4	53	157
933000320187077	71.33333333	1	3.333333333	4	37	285
933000320048533	97.66666667	0.333333333	10.33333333	9	40	201.5
933000320048638	102.6666667	0	7	21	47	223
933000320187945	90	1	6.333333333	18	41	243
933000320188280						
933000320188311	74.66666667	4	4	5	46	207
933000120124700	0.666666667	0	0	2	0	
933000120138340	104	2	19	19	46	209
933000120138647	107	1	3	18	49	200
933000120138390	74	3.333333333	6	6.333333333	9.666666667	233.3333333
933000120138712	118	0	45	2.333333333	5.666666667	333.3333333
933000320045787	0.666666667	1	0.333333333	0	2	
933000320045660	103.6666667	0	2.666666667	14	49	204
933000320047277	61.33333333	13	5	2	37	243
933000320047165	68	42.33333333	9	6	52	148
933000320047670	88.66666667	0	7.333333333	14	40	211
933000320186959	122	2.333333333	6.666666667	23	53	172
933000320187171						
933000320048214	89.66666667	0	4	15	38	240
933000320048642	98.33333333	0	0.666666667	5	58	189
933000320187941	105.3333333	0.333333333	4	18	43	205
933000320188300	46.66666667	4.666666667	15.33333333	5	36	95
933000320188497	118.6666667	41	43.33333333	2	78	58
933000120124697	117.3333333	0	53.33333333	25	55	174
933000120138331	77.33333333	2.333333333	19.33333333	9	39	266
933000120138652	0.666666667	1.666666667	0.666666667	0	0	32
933000120138396						
933000120138722	95	0.5	7.666666667	5.666666667	19	120
933000320045978	0	0	0	0	0	
933000320046397	103.3333333	0	7	6	48	207
933000320047136	72.33333333	7	29	1	55	180.5
933000320047341	122.6666667	2	6	7	82	110
933000320047887	2.666666667	3.333333333	2.666666667	2	4	528.5
933000320187227	89	4.333333333	29.66666667	6	67	138.5
933000320186888	67.33333333	1	5.333333333	5	36	308
933000320048821	118	0.666666667	6.333333333	8	66	135
933000320049157	35.66666667	1.333333333	6	1	28	217
933000320188112	132	0	145.3333333	39	55	172
933000320188283	124	69	68.66666667	30	41	55
933000320188664	136	0	14.33333333		72	125
933000120124704	171.6666667	0	22	6	28	130
933000120138335	140.3333333	0.666666667	17	37	67	158
933000120138634	125.6666667	0.666666667	2.666666667	22	57	143
933000120138605	126.6666667	0	20.33333333	6	17.66666667	183.3333333
933000120138711	63	5	2.666666667	3	4	300
933000320045988	83.66666667	4	11.33333333	16	38	260.5
933000320045791	92.66666667	0.333333333	4	9	59	174
933000320047287	58.66666667	1.333333333	4.666666667	11	34	256
933000320047332	4.666666667	2.333333333	2.666666667	7	1	1028
933000320186805	3.333333333	2.333333333	0.666666667	5	1	1788
933000320187235	1	2.333333333	0.333333333	3	0	
933000320186881	16	0	0.333333333	0	16	446.5
933000320049034	84.33333333	17.33333333	6.333333333	11	40	225.5
933000320049155	84	0	6	5	50	206
933000320187912	2.666666667	8	0	2	2	2807
933000320188367	126.3333333	1.666666667	9.666666667	27	71	178.5
933000120117306	152	0	55	6.333333333	23	145
933000120138341	143.3333333	13.33333333	34.66666667	30	59	152
933000120138633	117.6666667	0	28.33333333	17	39	165
933000120138596						
933000120138715	108.5	0.5	25	3.333333333	10.33333333	233.3333333
933000320046382	111.3333333	0	12.66666667	23	47	187
933000320045799	71.66666667	1	31	7	23	137
933000320047290	3.666666667	4.333333333	0.333333333	3	2	1273.5
933000320047037	2	5.333333333	0.666666667	3	0	500
933000320047899	73.33333333	2.666666667	22.66666667	11	26	151
933000320186989	86.66666667	14	9.666666667	6	44	155
933000320187202						
933000320048778	105.6666667	3.333333333	4.333333333	19	42	200
933000320049132	87.33333333	0.333333333	0.666666667	5	44	238
933000320187911	90	0	17	16	45	240
933000320188358	114.6666667	0.333333333	2.333333333	17	35	187
933000320188668	104.6666667	0	29.66666667	11	46	201
933000120124703	148.6666667	1.666666667	6	23	65	140
933000120138338	112.3333333	0.333333333	36.66666667	28	51	190
933000120138637	51.33333333	6	34.66666667	0	13.66666667	300
933000120138680	171.6666667	44.33333333	11.66666667	10.66666667	27	140
933000120138754	29.33333333	0.666666667	5.333333333	0.666666667	1.333333333	300
933000320046377	148.3333333	31	78.33333333	38	52	127
933000320045785	87.33333333	1.666666667	7.333333333	11	46	212
933000320047132	8.666666667	4.666666667	0.333333333	7	7	194
933000320047045	67	4	28	4	46	255.5
933000320047884	143	1	15.66666667	32	59	140.5
933000320187163	98.33333333	2.333333333	7.333333333	12	42	220.5
933000320187204	2.666666667	1	0	2	1	1343
933000320049033						
933000320048995	44	1.333333333	1.333333333		52	192
933000320187729	91.66666667	9	5.333333333	17	41	238.5
933000320188551	92	155	15.66666667	1	61	161
933000120117312	117.6666667	0	3	1	18.66666667	200
933000120138343	110.3333333	0	35.66666667	22	50	204
933000120138650	150.6666667	3	93	12.66666667	21	166.6666667
933000120138672	131	0.666666667	5.666666667	0.666666667	22.33333333	150
933000120138743	71	0.333333333	1.666666667	2.666666667	11.33333333	300
933000320045794	136.3333333	3.333333333	18.33333333	18	61	152
933000320045788	13	0.333333333	0	0	14	582
933000320047281	124.3333333	1.666666667	7.666666667	19	63	174
933000320047040	113.3333333	0	7	19	54	191
933000320186839	101.3333333	2	7	22	51	215
933000320187089	125	2	7.666666667	25	52	163
933000320186894	0	0	0			
933000320048781	0	0	0			
933000320048968	46.66666667	0.666666667	0	7	38	277
933000320187932	94	3.333333333	9.333333333	16	46	171
933000320188762						
933000120117311	163	0.666666667	19.66666667	12.66666667	25.66666667	150
933000120138354	141.6666667	0.666666667	14.33333333	36	62	152
933000120138644	140.6666667	5	58.66666667	9.333333333	14.33333333	140
933000120138585	24.33333333	3	8	5.666666667	2	466.6666667
933000120138732	50.5	1555	4	3	7	400
933000320045793	59	0.666666667	0	1	29	316
933000320047477	118.6666667	1	14.66666667	25	55	184
933000320047150	46.33333333	3	4	6	18	232
933000320047340	108.3333333	1.333333333	12	19	48	207
933000320186840	33	7.333333333	26.33333333	3	25	187.5
933000320187156	42	1.333333333	1	0	50	182
933000320187222	0.666666667	1.666666667	0.333333333	1	0	
933000320049040	70.66666667	0.333333333	4		44	225
933000320048702	87.66666667	1.333333333	11.66666667	6	46	220.5
933000320188163	121	3	29	22	59	158.5
933000320188558	76	0.333333333	2.333333333	6	55	169
933000120117329	135	8.666666667	51	6	34	166.6666667
933000120138351	164.3333333	1	58	20	104	137
933000120138631	147.3333333	0.666666667	29.33333333	11.33333333	22.33333333	158.3333333
933000120138583	128.3333333	0.333333333	2.666666667	25	54	170
933000120138748	114.3333333	0	13.33333333	6.666666667	17	200
933000320045671	87	3	13.33333333	30	38	260
933000320047103	117.6666667	5	55	22	84	136
933000320047471	133.6666667	7.666666667	16	26	58	163
933000320047342	124.3333333	1.666666667	1.333333333	6	59	164
933000320186829	72.33333333	0	1.666666667	3	44	251.5
933000320187095	107.3333333	0.666666667	18	10	52	194
933000320048799						
933000320048712	23.66666667	1	0	6	21	530.5
933000320188265	109.3333333	1.666666667	7.666666667	9	52	201
933000320188754	77	6.666666667	14.33333333	10	38	153
933000120117323	6.333333333	0.666666667	1	1	1.333333333	500
933000120138316	95.66666667	0.333333333	3.333333333	17	52	197
933000120138654	114.6666667	0.333333333	32	7.333333333	16.33333333	200
933000120138584	119.3333333	8	1.333333333	4	22	175
933000120138454	131.6666667	0	14.66666667	9.333333333	17.33333333	200
933000320046608	18	21.66666667	4.333333333	4	16	219
933000320047470	4.333333333	10.33333333	1.333333333	1	2	2686
933000320047476	114	0.333333333	0.666666667	17	53	182
933000320047582	108	0	16	21	45	197
933000320047878	68.66666667	0	6.333333333	16	32	329
933000320187080	137.6666667	3.666666667	5.666666667	25	62	156
933000320048622	122.6666667	1.666666667	24.66666667	23	54	171
933000320048791	0	0	0			
933000320048975	106	0.666666667	15.66666667	27	46	211
933000320188152	101.3333333	0.333333333	27.66666667	23	48	219
933000320188769	126	2.333333333	20.33333333	19	59	158
933000120117313	102	6.666666667	17	4.666666667	16.33333333	200
933000120138306	110.3333333	0	24.66666667	11	53	188.5
933000120138632	161.6666667	0.666666667	63.33333333	8	22.33333333	145
933000120138601	0.333333333	2.333333333	0	0	0	600
933000120138707	139	0.333333333	5.666666667	8	20.66666667	150
933000320045740	79	26.66666667	27.33333333	15	39	208
933000320047475	123.3333333	11	50.66666667	18	62	68
933000320047462	75	9.666666667	0.666666667	5	38	251.5
933000320046815	79.66666667	0	9.666666667	10	36	276
933000320186780	18.33333333	9.666666667	2.666666667	2	8	169.5
933000320187151	54	0.666666667	4.666666667	5	27	391
933000320048607	134.3333333	1	1	21	57	160
933000320048784	132.3333333	0.333333333	2.333333333	20	61	164
933000320048965	121.3333333	0.333333333	20.66666667	14	62	183
933000320188159	103.6666667	0.666666667	17.66666667	14	40	201.5
933000320188611	105.3333333	0.666666667	6.666666667	21	48	209
933000120117342	37	12.66666667	0.666666667	1	41	265.5
933000120138293	97	25	5.333333333	14	45	211.5
933000120138388	24.33333333	0.666666667	14.33333333	5.333333333	1.333333333	266.6666667
933000120138665	134.6666667	0.333333333	16	8.333333333	21	158.3333333
933000120138447	154	21	297	5.666666667	11	140
933000320045736	74.66666667	4.333333333	5	8	41	265
933000320047312	153	0	13.66666667	34	62	138
933000320047275	31	7	5.333333333	1	32	298
933000320046801	127.3333333	5.333333333	49.66666667	15	59	149
933000320186779	71	0.333333333	2.333333333	8	38	206.5
933000320187078	21.33333333	3.333333333	2	2	13	363
933000320048615	129.3333333	3.666666667	3	15	64	166
933000320049150	116.6666667	3	11.33333333	37	59	83
933000320048959	99.33333333	0	11.33333333	3	48	200
933000320188172	25.33333333	1.666666667	6.333333333	5	4	353
933000320188746	95.66666667	0.333333333	11.66666667	20	46	230
933000120117333	133.3333333	0.666666667	3	16	63	159
933000120138285	147	1	3	30	68	150.5
933000120138649	130.3333333	3	37	2.333333333	21	150
933000120138669	89.66666667	290.3333333	1.666666667	5.666666667	14	300
933000120138440	135.3333333	21.66666667	27	4.666666667	15	145
933000320046086	103	0.333333333	26	0	49	133
933000320047254	0	0	0	0	0	
933000320047313	67.66666667	1.666666667	3.333333333	6	23	290
933000320047593	126	1.666666667	44.66666667	20	58	165
933000320047909	136.3333333	13.66666667	142	40	52	88.5
933000320186978	131	2	32	29	51	161
933000320048772	55.66666667	11	9.333333333	6	95	87.5
933000320049135	112	0	6.333333333	17	51	187
933000320049161	125	1.333333333	22	16	65	161.5
933000320188261	61.66666667	7	27.66666667	5	33	209.5
933000320188285	87.33333333	7.666666667	21.66666667	7	39	229
933000120117347	81	0.333333333	0.666666667	3	50	196
933000120138295	124	3	21.66666667	6.666666667	21.33333333	183.3333333
933000120138646	104.3333333	0	9.666666667	6	14.66666667	200
933000120138662	129.3333333	513.3333333	208.6666667	10.66666667	26.66666667	183.3333333
933000120138687	109	0.666666667	0	7	51	197.5
933000320046093	81.33333333	0	0.333333333	0	47	212
933000320047497	192	34.33333333	58.33333333	22	107	39
933000320047112	66.33333333	0.333333333	1.666666667	5	35	291
933000320047166	2	1.666666667	0.333333333	0	3	13568
933000320047859	33.66666667	845.6666667	11	1	23	290.5
933000320186980	97	3	10.66666667	16	43	224.5
933000320048769	154	0	57.66666667	12	71	132
933000320049138	134	0	1.666666667	22	61	161
933000320048994	117.6666667	4.666666667	8.333333333	11	58	174
933000320188158	97	4	5.333333333	16	45	225
933000320188487	99.66666667	1.333333333	2.666666667	6	58	173.5
933000120117349	152.3333333	0	5.333333333	17	77	137
933000120138287	169	0.333333333	334.3333333	15.33333333	24.33333333	150
933000120138575	111.6666667	0.333333333	8.666666667	6.333333333	18.33333333	200
933000120138661	126.6666667	0	6.333333333	6	19	175
933000120138504	11	11.66666667	3.666666667	1.666666667	0.333333333	425
933000320046393	117.3333333	6.333333333	9.333333333	15	57	182
933000320047490	70	2.333333333	1	5	40	223
933000320047321	96.33333333	1.333333333	18	18	47	235
933000320046812	95.66666667	0	1	4	44	207
933000320047871	69.33333333	5.666666667	15	17	28	50
933000320187320	119.6666667	0.666666667	9.666666667	20	53	168
933000320048616	106.6666667	4.666666667	6	30	46	204
933000320048790	74	0	1	11	33	296
933000320188110	77.66666667	0.666666667	22.66666667	5	43	228.5
933000320188173	2	0	0.666666667	3	1	13070
933000320188455	118.3333333	2	4	2	67	172.5
933000120117340	190.6666667	19.33333333	38.33333333	128	151	34
933000120138349	129	0.333333333	7.333333333	6.333333333	21.66666667	191.6666667
933000120138558	83.33333333	0	0.333333333	1	15	233.3333333
933000120138589	1.333333333	0.666666667	0.333333333	0	0.5	600
933000120138500	2	3.666666667	0.333333333	0.333333333	0.666666667	600
933000320046376	135	1	21	11	67	122
933000320046919	95.33333333	0	3	4	42	211
933000320047500	101.3333333	0	9.333333333	14	49	209
933000320047600	16	4	1.333333333	13	2	225
933000320047862	4	0.666666667	0.333333333	6	0	84
933000320186877	111.6666667	0.666666667	23	14	50	197.5
933000320048614	35	16.33333333	15	14	20	292.5
933000320049136	119.6666667	2.666666667	20.33333333	18	46	149
933000320187730	45.33333333	0	105.3333333	20	17	162
933000320188274	102.3333333	2	16.66666667	10	46	206
933000320188085	106.6666667	2.666666667	13.66666667		66	147
933000120117351	0	3.666666667	0	0	0	
933000120138347	136.3333333	2.333333333	15.33333333	4.666666667	21.66666667	166.6666667
933000120138645	85	0	1.333333333	1.666666667	19.33333333	200
933000120138629	9.666666667	2.666666667	1.333333333	2.666666667	0.666666667	400
933000120138700	2.333333333	0	0.333333333	0	0.333333333	500
933000320046127	57.33333333	2.333333333	9	14	15	248
933000320047108	40.33333333	0.666666667	16.66666667	5	18	446
933000320047464	75.33333333	1.333333333	4	15	41	216
933000320046814	100.6666667	0	0.333333333	18	50	219
933000320047667	6.666666667	5	0.666666667	6	4	365
933000320186898	136	0	4	18	40	168
933000320048350	114	1.666666667	13.33333333	7	56	172
933000320049166	116.6666667	0.666666667	6	19	54	183
933000320187943	0	3	0			
933000320187876	131.3333333	2.333333333	78	39	41	116
933000320188456	108.3333333	0.333333333	12	10	56	198
933000120117341	151.3333333	219.6666667	11.66666667	22	77	141
933000120138336	92	0	7.666666667	5.333333333	14	266.6666667
933000120138638	33.66666667	0.333333333	0.666666667	1.666666667	4.666666667	200
933000120138598	147.6666667	0	2.666666667	7.333333333	24.33333333	150
933000120138689	64	1.333333333	19	0.666666667	9	283.3333333
933000320046129	5	1	1.333333333	0	1	2646
933000320047129	148	1.666666667	9.666666667	26	65	144
933000320047260	89.66666667	2.333333333	6.333333333	11	47	228.5
933000320047581	24.33333333	9.333333333	6.333333333	10	17	176
933000320047864	74	5.333333333	13.66666667	1	40	245
933000320186895	130.6666667	3.333333333	11.33333333	35	46	151
933000320048342	143.6666667	58.66666667	66.66666667	8	91	60
933000320049145	26	2	11		15	104.5
933000320188118	148	2	122	7	27	57
933000320187895	111.3333333	0.666666667	24.66666667	22	50	198
933000320188741	63	151	17.66666667	3	41	121.5
933000120124705	38.66666667	12.66666667	6.666666667	2.666666667	6	400
933000120138280	82	0.333333333	22	3.333333333	14.33333333	233.3333333
933000120138655	149.6666667	21	8.666666667	7.333333333	23	150
933000120138603	0.333333333	2.666666667	0	0.333333333	0	600
933000120138696	60	0.333333333	3	6	31	225
933000320045653	134.3333333	5.333333333	22.66666667	23	61	151
933000320047126	10	14	11.66666667	3	4	2150
933000320047259	62.66666667	15	32.33333333	8	32	224
933000320046841	67.66666667	0.333333333	2.666666667	14	36	234
933000320047920	98	0	47.66666667	11	46	223
933000320187196	133	2.333333333	6	20	40	167
933000320048145	154	0.666666667	19	7	68	133
933000320048647	72.66666667	0.333333333	9.666666667	7	47	226
933000320187946	113	0	44.66666667	33	48	183.5
933000320187892	107	0.333333333	22	7	49	183.5
933000320188614						
933000120117352	92.33333333	0	5.666666667	2	24.33333333	166.6666667
933000120138344	104	0	8	5.333333333	17	200
933000120138636	64	1.666666667	8.666666667	2	17.66666667	233.3333333
933000120138657	64.66666667	11.66666667	9	3.666666667	7.333333333	200
933000120138698	27.66666667	27	3.666666667	5	16	266.5
933000320046078	97.66666667	8.666666667	4.333333333	21	43	211
933000320047111	110.3333333	1.333333333	6.666666667	23	49	193
933000320047595	72.66666667	1.666666667	3.666666667	2	34	239
933000320047171	97	1.333333333	1	6	43	221.5
933000320047912	81.66666667	0	7.666666667	11	27	276
933000320187205	98	3	4.333333333	7	42	204
933000320048764	117	19.33333333	7.333333333	7	55	170
933000320048630	110.6666667	0.666666667	8.666666667	16	58	191
933000320187910	118.3333333	1.333333333	4.666666667	1	56	157
933000320188252	94.66666667	15.66666667	51	8	44	220
933000320499941	0	0				
933000120117335	0	9	0	0	0	
933000120138334	106.3333333	0	5.666666667	6	15.66666667	200
933000120138394	109.6666667	0	14	2.666666667	22	200
933000120138670	120.6666667	19.66666667				
933000120138615	95.66666667	0.333333333	4	17	43	230
933000320046081	41	0.333333333	38.33333333	7	23	288.5
933000320047264	182	2.333333333	8.666666667	36	92	111
933000320047598	175	6.666666667	10.33333333	33	78	118
933000320047162	112.3333333	0	7.333333333	5	55	170.5
933000320047857	92	1.666666667	6.666666667	9	28	240
933000320187201	7.333333333	5	1.333333333	3	6	80
933000320048594	107.3333333	0.333333333	4	15	55	129
933000320049172	79.33333333	103.6666667	4.333333333	17	36	275
933000320187938	116	5.666666667	11	20	58	191
933000320188270	128	0	6	29	56	173
933000320188088	108.3333333	0.333333333	3.666666667	16	51	199
933000120117338	116.6666667	10.66666667	12.66666667	3	16.66666667	200
933000120138332	102.6666667	0	9	8.666666667	15.66666667	200
933000120138389	128.3333333	2	10.66666667	10.33333333	19	200
933000120138402	154.3333333	1				
933000120138609	3.666666667	0	1.333333333	1	1	3334.5
933000320045675	73	1.666666667	3	0	48	191
933000320047110	27	2.333333333	5.666666667	3	22	267.5
933000320046822	135.3333333	0.666666667	61	15	60	150
933000320046847	86.66666667	0	31.66666667	9	41	253
933000320047658	38.66666667	6.333333333	20.33333333	1	39	219
933000320187224	10.33333333	0	0.666666667	0	1	280.5
933000320048757	73.33333333	52.33333333	144	1	27	38
933000320049000	131.6666667	3	14	11	64	160
933000320187750						
933000320187890	3	2.333333333	0	3	3	478
933000320188749	92	0	2.333333333	19	43	246
933000320188446	62.66666667	4	8.333333333	7	4	50
933000120117344	110.6666667	0.666666667	14.33333333	7.666666667	18.66666667	200
933000120138342	98.33333333	0.333333333	1	5.333333333	14.33333333	233.3333333
933000120138557	122.6666667	9.333333333	5	7.333333333	18.66666667	183.3333333
933000120138671						
933000120138616	99.33333333	0.333333333	2.333333333	2	47	209
933000320045661	98.33333333	2	14	6	50	206
933000320046923	75	1.333333333	1.666666667	13	33	293.5
933000320046823	143	0.333333333	7	15	65	141
933000320047001	0	0	0	0	0	
933000320047888	72.33333333	1.333333333	2	1	40	238.5
933000320187322	97	1.333333333	1	9	48	215.5
933000320048126	98.33333333	8.333333333	5.333333333	10	59	188
933000320048716	17.33333333	2	3.666666667	5	12	548
933000320187920	77.5	2.5		13	15	207
933000320049182						
933000320188567	117.3333333	0	9.333333333	16	56	171
933000320188491						
933000120117332	149	0	18	5.333333333	21.33333333	161.6666667
933000120138346	157.6666667	0.666666667	215	1.333333333	20	143.3333333
933000120138573	58	0.333333333				
933000120138393						
933000120138627	2	0.333333333	0	4	0.333333333	3114
933000320045652	86	1	4.333333333	7	45	199
933000320046907	122.3333333	0	10	22	56	174
933000320047584	85.33333333	0.666666667	6	2	52	191
933000320046833	128.3333333	0	27	25	55	170
933000320047659	2	1.333333333	0	1	0	1047
933000320187215	77.66666667	5	17.66666667	13	45	201.5
933000320048582	58	0	34	13	28	391
933000320048964	114.3333333	0.666666667	57	18	52	195
933000320187933	95.33333333	6	25.66666667	9	50	176
933000320187900	115.3333333	1.666666667	17.33333333	25	51	191
933000320187983	85.66666667	6	13.66666667	8	53	203
933000320188308	113	0	9		58	177.5
933000120117339	124	1	15.33333333	3	22	150
933000120138339	79.66666667	0.333333333	4	1.666666667	16	200
933000120138577	107.6666667	0				
933000120138399	73	8				
933000120138415	87.66666667	0.333333333	0	0	40	239
933000320045667	88	1	21.66666667	27	38	232
933000320047286	109.3333333	0.333333333	23.33333333	13	42	187
933000320047583	47.66666667	8.333333333	102	1	51	73
933000320047019	108	0	1.666666667	12	51	204
933000320047947	102.6666667	0	2	16	52	214
933000320187183	105.3333333	0	12.33333333	7	49	208
933000320048539	143.6666667	0.666666667	36.33333333	16	61	139
933000320048953	8.666666667	5.666666667	1.333333333	6	7	1036
933000320188174	119	4.666666667	8	21	52	171.5
933000320187885	2	0.333333333	0			1271.5
933000320187996	86.33333333	0.333333333	5.333333333	6	53	208.5
933000120117350	45	0	6.333333333	2	7.333333333	375
933000120138348	82	7.666666667	11	4.333333333	9	300
933000120138569	75.66666667	12.33333333				
933000120138592	0	0				
933000120138420	110.3333333	0	22	1	54	184.5
933000320046143	85.66666667	10.33333333	21.66666667	6	48	107.5
933000320046904	137.6666667	6.333333333	239.6666667	38	51	119
933000320046818	129.3333333	3.333333333	33.66666667	26	59	168
933000320047172	86.33333333	0.333333333	31.66666667	8	40	242
933000320047889	80.66666667	0.333333333	2.333333333	17	37	277
933000320186952	64.33333333	0	3	1	39	184.5
933000320048223	69.66666667	3.333333333	17	14	31	258
933000320048952	109	5	21	11	49	200
933000320188171	157.6666667	8	30.66666667	35	36	49
933000320188115	29	3.333333333	2.333333333	1	23	130.5
933000320187992	2.333333333	0.666666667	0.333333333	4		2198.5
933000320188665						
933000120117331	9.333333333	12.33333333	1	0.666666667	3.666666667	450
933000120138333	138.6666667	0				
933000120138639	102	0				
933000120138599	145	0	6.666666667	8.666666667	22.66666667	150
933000120138414	0.666666667	1.333333333	0	0	0	
933000320046099	104.3333333	1.333333333	1.333333333	16	53	213
933000320047121	172	20	47	36	37	114.5
933000320047592	149	5.666666667	813.3333333	21	60	32
933000320047152	97.66666667	0.333333333	4.666666667	10	45	224
933000320047660	87.66666667	0.333333333	8.333333333	11	29	245
933000320186956	91.66666667	1	3.666666667	15	40	242
933000320048206	68.66666667	1.666666667	10		55	174
933000320048710	90.66666667	1.666666667	10.33333333	4	65	58
933000320188273	133.3333333	1.333333333	25.33333333	28	65	167
933000320188124	11.66666667	0	0	1	6	662
933000320187985	122.6666667	0.666666667	9.333333333	18	59	177
933000120117336	114.3333333	0	7.666666667	6.666666667	18.66666667	200
933000120138322	157	0.333333333				
933000120138384	112	0				
933000120138668	130.6666667	0	13.66666667	5.666666667	18	166.6666667
933000120138417	17.33333333	0.333333333	0.333333333	4	9	1013
933000320046088	3.666666667	6.333333333	0.666666667	2	2	8065
933000320047288	60.66666667	1	6.333333333	7	8	140
933000320047169	40.33333333	3.666666667	0.666666667	1	45	167.5
933000320046834						
933000320047928	43	5	22	4	32	365.5
933000320186987	22.66666667	1	1.666666667	11	6	332
933000320048336	88.33333333	0	17.33333333	15	39	247
933000320048970	121.3333333	0	32	11	57	163
933000320188153	120	0.333333333	7	27	52	178
933000320188097	1.333333333	8.333333333	0.333333333		4	22
933000320188566	35.33333333	0.333333333	0.666666667	2	38	316
933000320188476	120	0	10.33333333	26	53	179
933000120124696	4	0.666666667	0.333333333	2.666666667	0	458.3333333
933000120138321	154	1				
933000120138397	155	0.333333333				
933000120138667	0.333333333	1	0	0	0.333333333	600
933000120138427	85.33333333	0	0.333333333	15	39	258
933000320046141	0	0	0.333333333	0	0	
933000320047127	121	1.333333333	23	26	52	184.5
933000320047011	133.6666667	1.666666667	37	42	55	160
933000320047339	96.33333333	3	9.666666667	6	48	223
933000320047885	103.6666667	0	1.333333333	18	48	212
933000320186975	29	1.666666667	4.666666667	3	11	59.5
933000320048535	129.3333333	0	7.666666667	20	59	121
933000320049173	82.66666667	2.666666667	4.333333333	2	66	141
933000320188169	110	4412	22	9	51	149
933000320188467	118.3333333	154	4.666666667	11	59	163.5
933000320188372	66.66666667	5.333333333	11.66666667	29	28	149
933000120124698	18.33333333	14	1	0.666666667	3.666666667	600
933000120138330	149.3333333	0				
933000120138385	11.66666667	0.666666667	0.333333333	1.333333333	3	600
933000120138656	144.6666667	1.666666667	21.66666667	6.333333333	22.33333333	145
933000120138434	0.666666667	1	0	0	2	
933000320046144	75.66666667	42	1.666666667	7	24	297
933000320047295	103.6666667	3.333333333	10	25	46	208
933000320047017	134.6666667	4	38	14	79	145
933000320047009	0	0	0	0	0	
933000320047940	4	7	0	0	3	2805
933000320187247	0.666666667	0	0	2	0	
933000320048763	110.6666667	0.333333333	7	22	48	193
933000320049151	49.33333333	0.333333333	4.333333333		47	156
933000320188154	50.33333333	0.333333333	20	15	22	443.5
933000320188613	80.66666667	0	16.33333333	9	40	225
933000320188751	108.6666667	0	7	18	47	199
933000320188653	144.3333333	2.666666667	25.66666667	13	69	140
933000120117318	4	0.666666667	0.333333333	2	1.333333333	550
933000120138324	280	0				
933000120138643	31.33333333	41.33333333				
933000120138673	98	1.666666667	27.33333333	2.666666667	16	233.3333333
933000120138407	2.666666667	7.333333333	0.333333333	0	0	200
933000320045657	87.66666667	3	19.33333333	12	43	245.5
933000320047147	119.6666667	5	3	21	52	181.5
933000320047167	19.66666667	0.666666667	0.666666667	1	26	171
933000320047006	116.3333333	756	15.33333333	28	54	191
933000320047892	100	4	4.333333333	25	42	208
933000320187244	47.66666667	1.333333333	2.333333333	0	37	281
933000320048762	94.33333333	0	10.66666667	17	44	237
933000320049174	107.3333333	0	23.33333333	6	46	70
933000320188264	112	0.333333333	8	20	38	188
933000320188743	70.66666667	2.666666667	23.33333333	15	30	74
933000320187994	5.333333333	6.666666667	0.333333333		4	2500
933000320188670						
933000120117321	121	0				
933000120138289	137	2.333333333				
933000120138640	0.333333333	1				
933000120138600	70.66666667	3.666666667	0	2.666666667	13	266.6666667
933000120138409	0.666666667	1.666666667	0	0	1	
933000320046148	106.3333333	1	32.66666667	19	49	199
933000320047135	133.6666667	0.666666667	5.333333333	15	59	157
933000320046842	114.3333333	0	2	23	50	190
933000320047164	89	32	2.333333333	6	45	214
933000320186803	111.3333333	0	9	24	50	190
933000320186955	0.666666667	0.666666667	0	2	0	206
933000320048759	120.3333333	0.666666667	38.33333333	21	53	172
933000320049039	71.66666667	0.666666667	4.333333333	4	31	286
933000320188162	49.66666667	0	6	8	14	202
933000320188099	101.3333333	3.333333333	5	20	46	219
933000320188351	68.33333333	0.333333333	1.333333333		35	225.5
933000320188649	3.333333333	1.333333333	1	1		255
933000120117320	143.6666667	5.666666667	17.33333333	9	21.66666667	166.6666667
933000120138288	137	0	6.333333333	5.666666667	21.33333333	150
933000120138395	1.666666667	12.66666667				
933000120138494	138.6666667	0.666666667	21.66666667	25	60	147
933000120138724	14.33333333	0.666666667				
933000320046135	29.33333333	4.666666667	0.333333333	3	23	449
933000320047143	93	8.666666667	6.333333333	15	17	192.5
933000320047154	71.66666667	1.333333333	31.33333333	21	31	326.5
933000320047914	132.3333333	8.666666667	16.33333333	23	38	157
933000320047883	100.3333333	0	10.66666667	23	43	217.5
933000320187351	0	0	0			
933000320048624	1.333333333	2.333333333	0	1	1	753
933000320049041	7.666666667	4	0	5	3	375.5
933000320188272	122.3333333	0.666666667	16.33333333	26	46	171
933000320188734	111	1.333333333	7	18	49	188
933000320188296	101.3333333	10.33333333	12.66666667	11	45	171
933000120117325	118	0	3	7	19.33333333	200
933000120138283	127	0	10.66666667	10	19.33333333	183.3333333
933000120138401	56.66666667	3.333333333				
933000120138496	10.33333333	9.333333333	0	0	7	1539
933000120138436	109.3333333	0				
933000320046390	46.66666667	7	8.333333333	4	12	341
933000320047280	112	1	5.333333333	25	45	186
933000320046831	68.66666667	41	93.66666667	9	25	274
933000320047907	70.33333333	0	2.666666667	21	31	299.5
933000320186781	85	0	4.333333333	1	46	212.5
933000320186964	52.66666667	2	18.66666667	0	42	73
933000320048613	120	0.666666667	10	27	51	176
933000320048809	116	0	16.66666667	20	50	187
933000320188267	157.3333333	4	600.6666667	21	78	93
933000320188739	109	0.666666667	28.33333333	15	48	195.5
933000320188288	14	2.666666667	0.666666667	4		481
933000120117307	95.66666667	0	7.333333333	8	19.33333333	150
933000120138291	91.66666667	0	7.666666667	7.333333333	13.66666667	250
933000120138564	134.6666667	1				
933000120138690	155.6666667	2	30.66666667	26	98	129
933000120138717	138.3333333	0				
933000320046609	111.6666667	0	1.333333333	18	56	194.5
933000320047119	116	5	17.33333333	24	55	192
933000320046832	44.66666667	1.666666667	4.666666667	0	71	79
933000320047853	93.66666667	434.3333333	10.33333333	25	37	229.5
933000320186811	112.6666667	0	8	24	58	199
933000320187229	105	0	12.33333333	24	45	203.5
933000320048765	120.6666667	0.666666667	12	18	60	178
933000320048788	145.6666667	2.666666667	16.66666667	26	64	152
933000320187896	145	0.333333333	9.666666667	35	61	145
933000320188475	0	0				
933000320188278	14.33333333	3	8.333333333	11	23	201.5
933000120117322	95.66666667	0	7.333333333			
933000120138302	76.66666667	4.333333333	18.66666667	4	10.33333333	300
933000120138679	128	11.33333333	15.33333333	15	62	162
933000120138682	11.66666667	5.666666667	2.333333333	3	4	54
933000120138708	49	0.333333333				
933000320046615	117	1.333333333	7	22	59	192.5
933000320047252	72.33333333	2.666666667	1	0	59	188
933000320047331	105.3333333	0.333333333	40.66666667	29	46	200
933000320047860	70.33333333	21.33333333	13.66666667	8	38	139
933000320186832	0	0	0	0	0	
933000320186988	20.66666667	0	6.333333333	0	12	334
933000320048605	81.33333333	0.333333333	0.666666667	3	49	216
933000320048817	98.66666667	0.333333333	10	22	41	220
933000320187887	101.3333333	0.666666667	10	18	31	201.5
933000320188356	21.33333333	6.666666667	2	9	16	389
933000320188359	92.33333333	0	22.33333333	9	44	233
933000320188662	93.33333333	2.666666667	6.666666667	1	47	119
933000120117324	166.6666667	0	15	7	25.33333333	126.6666667
933000120138281	0	1.666666667	0	0	0	
933000120138591						
933000120138686	109.6666667	0.666666667	15	16	52	191
933000120138730	70.33333333	7.666666667				
933000320045659	86.33333333	0	2	3	49	195.5
933000320047268	116.6666667	0.666666667	4	14	29	189.5
933000320047049	1.333333333	1.666666667	0.333333333	1	0	482
933000320047904	88	0	4.666666667	12	44	232
933000320186831	1.333333333	0	1	1	0	11275
933000320187158	58.33333333	4.666666667	4.666666667	4	38	277.5
933000320048612	96.33333333	0	1	13	49	219
933000320049044	21.66666667	0.666666667	15.33333333	3	16	259
933000320187899	132.6666667	1	11.66666667	26	57	165
933000320188568	109.3333333	0	5	26	47	182
933000320188281	99.33333333	5.666666667	2.333333333	5	52	191
933000320188638	121	1.333333333	1.333333333	6	54	172
933000120117308	20.66666667	5.666666667	3.666666667	1	8	500
933000120138298	0	1.666666667	0			
933000120138391	128	4.666666667	31	23	57	166
933000120138684	113.3333333	0	1.666666667	2	53	183
933000120138718	6	0				
933000320045674	61.66666667	1.666666667	5	9	36	261.5
933000320047293	53	3.666666667	9.666666667	4	51	55
933000320047333	6	0	1.333333333	6	1	690
933000320047911	72	1.666666667	15.66666667	8	63	182
933000320186827	10	3.666666667	0.333333333	6	16	364
933000320187167	17.66666667	1.666666667	12.66666667	1	0	246
933000320048333	86.66666667	0	19.33333333	14	38	254
933000320049050	12	0.333333333	0.333333333	2	7	1082
933000320187894	148	0.666666667	3.666666667	27	59	132
933000320187982	226.3333333	0.333333333	8.666666667	318	125	86
933000320188352	84.66666667	0.666666667	2	10	40	249
933000120117326	114	13	10	8	11	200
933000120138578	93.33333333	6.333333333	55.33333333	0	52	186
933000120138660						
933000120138623	0	0	1.666666667			
933000120138750	120.3333333	0	3.333333333	6.666666667	18.66666667	200
933000320045997	72.66666667	1	4.333333333	5	48	214
933000320047114	6.333333333	4.333333333	2	7	5	272
933000320047337	25.66666667	6	1.333333333	2	34	255.5
933000320047863	97.66666667	0.333333333	2.333333333	22	42	225
933000320047880	115.3333333	0	13.33333333	15	58	190
933000320187319	19.33333333	2.333333333	10.33333333	3	6	502
933000320048329	138	2	28.66666667	24	38	153
933000320048782	116.3333333	0	59	33	20	74
933000320187879	115	0.666666667	2.666666667	20	52	190
933000320187976	55.66666667	0.333333333	11.33333333	18	26	294
933000320188374	116.3333333	0	41	21	56	169.5
933000120117348	110.3333333	1.333333333	12.33333333	6.666666667	16.66666667	200
933000120138568	125.3333333	5.666666667	36.66666667	4	58	157
933000120138604	0	2	0	0	0	
933000120138424	93	0.333333333	10	24	46	237
933000120138734	87.66666667	0.666666667	4	0.666666667	16	250
933000320045990	94.33333333	0	5.333333333	12	57	175
933000320047283	10	4	0.666666667	4	11	357
933000320047346	86.66666667	7.333333333	19.33333333	13	52	207
933000320047922	5.666666667	0.333333333	2.333333333	2	6	893.5
933000320186802	96	0	10	13	47	213
933000320187311	1.333333333	0.333333333	0.333333333	0	0	4161
933000320048135	61.33333333	2.333333333	24.33333333	9	34	353
933000320049133	130.6666667	0	0.333333333	18	55	158
933000320188258	102	0.333333333	1.666666667	22	47	218
933000320188561	58.66666667	0	2.666666667	13	26	386
933000320188354	62.33333333	2	43.66666667	1	37	213
933000120117345	1.666666667	0.666666667	0	0.666666667	0.333333333	525
933000120138400	111.6666667	0	20	6	70	145.5
933000120138582	134	0	3.333333333	20	60	159
933000120138611	42.33333333	8.333333333	3.333333333	7	26	213
933000120138744	134.3333333	0.333333333	11.66666667	7	21	166.6666667
933000320045778	117	1	12	26	55	188
933000320047104	2.666666667	2	0.333333333	0	2	4015
933000320047031	0	0	0	0	0	
933000320047942	98.33333333	3.666666667	15.66666667	10	46	222.5
933000320186800	89.33333333	0	12	16	47	247
933000320187225	1.333333333	3.333333333	0	1	0	1097
933000320048775	84	1.666666667	2		56	199
933000320048780	101	0.333333333	5.666666667	7	56	178
933000320049195	126	17.33333333	58.66666667	29	82	139
933000320188601	151.3333333	0.666666667	44.33333333	35	42	102
933000320188375	20	1	1.333333333	4	15	490
933000120138305	120.6666667	0	31	10.33333333	18.33333333	200
933000120138403	145.6666667	0.333333333	27.66666667	20	66	143
933000120138594	0	0	3.333333333			
933000120138630	7	0	0	2	3	703.5
933000120138736	192.3333333	0.666666667	51.66666667	4.666666667	26.66666667	97.14285714
933000320045784	105.3333333	5.333333333	10.33333333	14	50	202
933000320046922	101.3333333	0	29.33333333	26	43	214
933000320047338	0	0	0	0	0	
933000320047673	123	5	12	29	50	167.5
933000320186819	117	0	26	28	54	116
933000320186883	27.33333333	1	1.666666667	1	29	374
933000320048344	99.33333333	0	4.666666667	18	47	218
933000320049147	15	12.66666667	30	2	4	336
933000320187883	57.33333333	0	6	6	32	170
933000320188000	109	1	11.66666667	28	47	206
933000320188756	9.666666667	1	1.666666667	3	16	763
933000320188630	0	0	0			
933000120138296	157.3333333	0	36.66666667	9	24	140
933000120138386	147	0.333333333	14.66666667	17	62	130.5
933000120138619	144.6666667	1	27.33333333	9	66	146
933000120138412	88.33333333	0	5.666666667	12	41	242
933000120138455	0.333333333	0	0	0	0	600
933000320045672	107.6666667	0.333333333	27.33333333	32	42	193.5
933000320046910	115.6666667	1.666666667	2.333333333	22	56	187.5
933000320047327	84.66666667	2	1.333333333	11	39	258
933000320047935	199.6666667	15.66666667	59.66666667	46	35	71.5
933000320047950	1.333333333	3	0	0	2	7758
933000320187172	90.66666667	2	1.666666667	4	46	224
933000320188493	0	4	0			
933000120138304	189	0.333333333	5.333333333	8.333333333	29.33333333	123.3333333
933000120138398	100.3333333	4	8	17	48	212.5
933000120138675	144.6666667	1	70.66666667	27	71	142
933000320046611	0	0.666666667	0			
933000320188654	156.6666667	2	30.66666667	28	60	105
933000320188641	60	1	6	15	25	377
933000320188628	110.3333333	1.333333333	1	19	49	166
933000320188640	120	0	6.333333333	22	53	176
933000320188660	123.6666667	0	7.333333333	24	53	172
933000320188627	158.6666667	2.666666667	12.33333333	19	75	130
933000320188441	132.3333333	0	12	14	61	158
933000320500078	57	0	8	10	25	340
933000320188720	113.3333333	1.333333333	18.33333333	21	48	118
933000320188705	74	1	8.333333333	6	50	180
933000320188709	59.66666667	1.333333333	3	4	41	177.5
933000320188445	121.3333333	1	224	26	48	179
933000320500085	56.66666667	1	3.333333333	5	40	113
933000320188717	108.6666667	0.666666667	3.333333333	7	33	195
933000320500100	104	0.666666667	7.666666667	20	45	199
933000320500092	30.66666667	7	4.333333333		16	198
933000320500099	131.3333333	0.666666667	14.33333333	22	60	117
933000320188673	15.66666667	1.333333333	0	2	7	754.5
933000320188488	110.6666667	2.666666667	8.666666667	13	47	186
933000320188494	115.6666667	0.333333333	9.333333333	20	50	191
933000320188500	58.33333333	2	9	5	45	203
933000320188496	96.66666667	1	0.333333333	15	47	225
933000320188672	94.33333333	0	11.66666667	6	46	198
933000320188486	2	1.666666667	0.333333333			1500
933000320188648	116.6666667	0	3.666666667	19	56	179
933000320188642	91	0.666666667	32	17	41	106
933000320188644	107.6666667	2	211.3333333	8	53	190
933000320188655						
933000320188650	6.5	7			9	92
933000320188652	97.33333333	0	2.666666667	16	42	223
933000320188647	122.3333333	0	1.666666667	9	38	172
933000320188713	145	0.666666667	8.666666667	11	80	144.5
933000320500083	119.6666667	5.333333333	22.33333333	7	70	156
933000320500082	70.66666667	0	1.666666667	10	29	307
933000320188704	89.66666667	0.333333333	4.666666667	14	40	249
933000320188440	107.3333333	0.666666667	8	13	33	194.5
933000320188443	51	0.333333333	1.666666667	4	30	325
933000320188448	86.33333333	0.333333333	15	24	34	193.5
933000320188450	119	0.333333333	13.66666667	27	57	182
933000320188721	11.66666667	6	4	1	6	1048.5
933000320188719	90.66666667	0.666666667	4	11	53	158
933000320188437	13.5	0			14	194
933000320499944	158.6666667	2	21.66666667	36	71	132
933000320500449						
933000320500441	20.33333333	7.666666667	2	4	9	195.5
933000320499945	22.66666667	3	0.333333333	1	47	191
933000320499766	68.66666667	0	32.66666667	6	34	278
933000320500450	35	9.333333333	94.66666667	3	88	35
933000320499775	69.66666667	0.333333333	13	4	34	306.5
933000320500444	131	1	4.666666667	9	62	152
933000320500428	110	0.333333333	9.333333333	14	61	169
933000320499686	107	0	8.666666667	19	48	191
933000320499751	61.33333333	1.333333333	1.666666667	5	31	296
933000320500435	131.6666667	0.666666667	17.66666667	7	62	157
933000320499758	145.3333333	0	6.666666667	20	71	143
933000320499696	100.3333333	0.333333333	2.333333333	15	43	207
933000320500430	150	0.666666667	21.66666667	26	84	139
933000320499823	82.33333333	2.666666667	17.33333333	10	43	104.5
933000320499680	92	0	0.333333333		73	131
933000320499811	101.6666667	0.333333333	29	15	49	209.5
933000320499684	39.33333333	6	10.33333333	4	29	308
933000320499809	96	1	84.33333333	26	24	265.5
933000320499807	101.6666667	0	3	16	46	213
933000320499683	155.3333333	0.666666667	6	31	71	136
933000320499820	93.66666667	0.666666667	4.666666667	10	48	193
933000320500013	3	2.333333333	0.333333333	2	4	1677.5
933000320500025	118.6666667	31.66666667	14.66666667	6	56	169
933000320500017	113	0.666666667	10	17	50	183.5
933000320499961	83	5	13.33333333	5	43	138
933000320500007	123.3333333	0.666666667	21.66666667	7	58	164
933000320499970	120.3333333	5.666666667	7.333333333	19	70	165
933000320499930	114.3333333	0	4	17	58	190
933000320500442	107	3.333333333	6.333333333	16	51	204
933000320499936	1.666666667	0.666666667	0.333333333	1	3	15361.5
933000320500438	96	2		2	33	203.5
933000320499769	95	8	2.333333333	16	50	197.5
933000320500439	2	0	2.333333333	2		366.5
933000320500443	113.3333333	2	33	19	49	199
933000320500431	97.66666667	10.66666667	1.666666667	16	47	226
933000320499697	3	0.333333333	0.666666667			120.5
933000320499760	102	1	41	22	45	221
933000320499695	89.33333333	3.666666667	22.66666667	7	56	190
933000320499757	0	0				
933000320499694	124.6666667	0	7	22	61	176
933000320500432	78.66666667	1	0.666666667	1	43	248
933000320499698	99	1	8.333333333	1	55	192
933000320499821	115.6666667	2.666666667	0.666666667	14	64	163
933000320499825	4.666666667	0.666666667	1	3	2	1081
933000320499816	35.33333333	2.333333333	14.66666667	9	38	110
933000320499822	118.3333333	0	2.666666667	22	55	191.5
933000320499808	64.66666667	1.333333333	4	7	41	239
933000320499676	123	0.666666667	3.666666667	21	59	170.5
933000320499806	123	1.333333333	4.333333333	14	58	166.5
933000320499690	78.66666667	6.666666667	6	15	40	212
933000320500009	3.333333333	1	0.666666667	2	3	4722
933000320500006	4.666666667	1	0	2	5	1160
933000320499966						
933000320499969	31.66666667	2.333333333	5	3	19	304
933000320500023	90	2	12.66666667	18	41	243
933000320500024	91.66666667	0	9.666666667	19	44	218.5
933000120138681	100.3333333	27.66666667	289.3333333	1	199	243
933000120138443	35.33333333	10.33333333	9	2	55	1071
933000120138699	167	23.66666667	72.66666667	2	131	37
933000120138613	49.33333333	23.33333333	4.666666667	3	69	711
933000120138610	33.66666667	1.333333333	4		62	997.5
933000120138422	98.66666667	9.666666667	41	2	145	273
933000120138429	132	35	25.33333333	18	221	245
933000120138408	53.66666667	2.666666667	2.666666667	3	82	694
933000120138710	38.66666667	2.333333333	1	1	72	877
933000120138729	59.33333333	22.66666667	18.66666667	6	155	161
933000120138723	198.3333333	7.333333333	104	3	367	34
933000120138720	46.66666667	5.333333333	22	1	85	695
933000120138721	91.33333333	13.66666667	157.6666667	2	212	35
933000120138706	62.66666667	11	12		119	457
933000120138751	18.66666667	8	10.33333333		50	216
933000120138733	25.66666667	14.33333333	9	4	27	577.5
933000120138445	87.66666667	0	50	10	132	370
933000120138441	17	0.333333333	8.666666667	8	23	1067
933000120138488	21.33333333	4	9.333333333	6	40	82
933000120138621	101.6666667	6	43	12	214	58.5
933000120138693	55	16.33333333	15.33333333	4	98	722.5
933000120138625	56	22.33333333	21	5	74	646
933000120138695	8	3	1.333333333		17	1378
933000120138626	45.66666667	1	3.666666667	6	74	790.5
933000120138617	0	1.666666667	0			
933000120138419	64.33333333	2.666666667	7	3	100	468
933000120138416	146.6666667	30.66666667	37.33333333	11	134	50
933000120138418	39.66666667	45.66666667	4	7	71	661.5
933000120138428	94.33333333	3.333333333	80.66666667		185	215
933000120138423	42.33333333	1	10	7	58	149
933000120138719	45.66666667	26.66666667	4	5	47	670.5
933000120138713	28.33333333	4.666666667	5.333333333	4	33	684
933000120138727	62.33333333	16.66666667	4.333333333	8	79	42
933000120138716	50	0	19	8	70	732
933000120138725	33	3.666666667				
933000120138433	51.66666667	10				
933000120138714	57	7				
933000120138742	49.66666667	5				
933000120138737	84.33333333	1.333333333				
933000120138741	98.66666667	5.333333333	150.6666667	5	184	35
933000120138755	64	2.666666667	31	16	66	124
933000120138752	50	6	7.666666667	5	78	520
933000120138739	66.33333333	10.66666667	48	12	88	244
933000120138452	35	7.666666667	36.33333333		49	77
933000320045738	60.66666667	9.666666667	8.666666667	7	99	675
933000320045747	94	12.66666667	17	5	163	314
933000320045669	144.3333333	39.33333333	39.33333333	4	194	68
933000320046133	86.66666667	7	7	7	140	426
933000320046134	74	12	29	5	123	504
933000320045780	70.66666667	5.666666667	7.333333333	9	105	542
933000320045728	10.33333333	3	2.333333333		26	404.5
933000320046620	51.66666667	2.666666667	50	2	104	185
933000320045748	11.33333333	0.333333333	0.333333333		22	1931
933000320046399	86.33333333	6.666666667	25	2	124	306.5
933000320046394	93	36.66666667	29.66666667	2	158	268.5
933000320046096	78	9	18	10	124	508
933000320046389	88	1	28.33333333	2	139	459
933000320046532	47.33333333	22	3.333333333	8	65	658
933000320046145	60.33333333	2	21	8	46	161
933000320046604	0.666666667	5.333333333	0		1	
933000320045732	32.66666667	22.33333333	6.666666667	2	46	954
933000320046544	69.66666667	7.333333333	14.33333333	9	109	532.5
933000320046128	117.6666667	90	65	10	178	79
933000320046095	60.66666667	10.66666667	27.33333333	2	79	216
933000320045743	74	10.66666667	16.66666667	5	131	542
933000320045782	60.66666667	37.66666667	31	3	84	385
933000320046150	205.3333333	23.33333333	339	6	355	47
933000320045673	10	5.666666667	1.666666667		17	3504
933000320045798	77.66666667	51	28	14	108	499.5
933000320045737	74.33333333	9.333333333	24.66666667	9	140	502
933000320046392	59	35	42	8	106	423.5
933000320046388	53	23	6.666666667	10	71	706.5
933000320045663	104.6666667	10.66666667	13	4	110	366
933000320045651	44.66666667	0	5.666666667	12	63	796
933000320046622	150	65.33333333	103	10	274	78
933000320045796	80.66666667	16.66666667	19.33333333	5	133	521
933000320045746	81	17.33333333	177.6666667	9	138	74
933000320046619	93	8.333333333	27.66666667	12	135	362
933000320046612	57.33333333	5	7.666666667	1	98	448
933000320046614	69.66666667	3.666666667	54.66666667	7	96	382
933000320046089	63.33333333	11	16	5	79	447
933000320045783	13	2.333333333	0.666666667	2	11	1334
933000320045995	16.66666667	11.66666667	3	2	38	1188
933000320046142	78	21.33333333	12	11	131	524
933000320045749	160.6666667	175.6666667	121.6666667	15	267	73
933000320045733	18.33333333	16	2.666666667	3	19	692
933000320046384	197	10.66666667	1352.333333	15	305	31
933000320046080	139.6666667	27.66666667	28.33333333	7	258	67
933000320045727	122.6666667	36.66666667	69.66666667	9	207	165
933000320045731	153	9.666666667	219.3333333	27	189	37.5
933000320046610	137.3333333	19.33333333	22.66666667	8	151	41
933000320046100	131.6666667	6.333333333	15.66666667	5	244	242.5
933000320045654	85.66666667	2	221.6666667	8	102	31
933000320046149	116.6666667	23	97	5	204	43
933000320046909	128.6666667	6.666666667	8.333333333	15	237	271
933000320046925	64	11	31	1	154	127
933000320047106	85.33333333	19	10.33333333	6	144	446
933000320046901	116.6666667	2.666666667	8	14	145	65
933000320046917	102	2	63.33333333	4	188	333
933000320046914	17.66666667	13.33333333	11.33333333		24	104.5
933000320047101	82.33333333	3	4.333333333	5	141	537.5
933000320046906	63.33333333	1.666666667	65.66666667	5	117	549
933000320047113	86	4	15.66666667	11	133	367
933000320047117	0	0.666666667	0			
933000320047485	58	33.33333333	14	5	96	518
933000320047454	0	2	0			
933000320047266	156.3333333	39	397.3333333	14	285	98
933000320047452	33.66666667	11	5	1	56	817.5
933000320047486	44.33333333	7.333333333	7.333333333	5	74	911
933000320047468	102.3333333	9.666666667	95	9	178	68.5
933000320047267	227	15	325	18	226	33
933000320047278	32.66666667	3.333333333	9.333333333	6	40	132
933000320047294	165	10.66666667	425.3333333	16	271	151
933000320046912	49.33333333	13.33333333	8.666666667	5	73	661
933000320047128	130	20.66666667	109	17	237	121
933000320047289	35.66666667	16	6	3	47	956.5
933000320047139	32.33333333	13.66666667	3	4	51	760
933000320047134	50.66666667	41.33333333	4	8	77	726
933000320046913	120.3333333	12.33333333	26.66666667	10	176	248.5
933000320047141	69.33333333	12	28	5	75	296
933000320047145	24.66666667	9.333333333	5	6	36	729
933000320047292	58	6.666666667	4	4	91	618
933000320047284	8.666666667	1.333333333	0.333333333	4	17	4982
933000320047148	135.6666667	89	146.3333333	5	205	31.5
933000320047138	58	9.333333333	11.66666667	3	92	596
933000320046924	67	12.33333333	1.666666667	8	108	526
933000320047123	56.66666667	13	11.33333333	7	130	126
933000320046908	152.6666667	10	164	1	297	46
933000320047124	21.66666667	7	5	4	24	577.5
933000320046921	49	15.66666667	7.333333333	10	76	245.5
933000320046903	225.6666667	8	640.6666667	14	349	62.5
933000320047107	58.33333333	12.33333333	6	3	68	627.5
933000320047480	73.33333333	5	10.66666667	7	113	570
933000320047451	178.3333333	16.66666667	809.6666667	9	353	26
933000320047478	184	49	90.33333333	32	162	56
933000320047489	205.3333333	7.666666667	794.6666667	18	326	26
933000320047253	80.66666667	26.33333333	90	6	108	367
933000320047118	163.6666667	6.666666667	74.66666667	7	240	68
933000320047458	139.3333333	2.666666667	406.3333333	8	243	106
933000320047484	22.66666667	6.333333333	0.333333333	4	31	1224
933000320047120	70.66666667	6.666666667	295.6666667	1	123	52
933000320047257	233	404.6666667	814.3333333	12	422	35
933000320047050	76	3	98	9	128	506
933000320046809	54.66666667	14.33333333	9.333333333	3	80	552
933000320047336	82	32.66666667	20	1	148	375
933000320046817	92	0.666666667	11.33333333		163	439
933000320047348	28	0	8	1	48	901
933000320047344	91.66666667	10.33333333	10.33333333	4	162	463
933000320047350	79	180	654.6666667		171	23
933000320046802	147.6666667	7	21.33333333	9	286	56
933000320046821	111	30.33333333	500.6666667	2	232	26.5
933000320047586	120.6666667	9.666666667	76.66666667	5	103	33
933000320047580	87.33333333	16.33333333	17.33333333	13	122	204
933000320047007	4.333333333	1	0		5	3969.5
933000320047022	30.66666667	4.666666667	5.666666667	4	32	923.5
933000320047596	84.66666667	7.333333333	156	5	43	40
933000320047587	67	4.666666667	12.33333333	6	67	596
933000320046820	1.333333333	2	0.666666667		1	23417
933000320047015	6.333333333	3	1.333333333	1	15	733
933000320047025	6.333333333	2.666666667	2	2	4	10891
933000320046843	30	1.333333333	5	4	29	1208
933000320047156	47	7.333333333	12.33333333	2	47	721.5
933000320046826	56.66666667	9	88.66666667	2	54	624
933000320047024	94.33333333	4.333333333	35.33333333	2	105	309
933000320047002	30.33333333	17.33333333	21.33333333	4	54	385
933000320047023	51.66666667	5	6	10	84	452
933000320047046	76.33333333	2.666666667	24	4	87	318.5
933000320046824	2.666666667	4.333333333	2			1805
933000320047033	5	2.666666667	0.666666667	3	6	6098
933000320047326	26	12.66666667	8.333333333	2	46	500
933000320046811	55.66666667	16	16	3	100	303.5
933000320046804	98.33333333	6.333333333	33.66666667	7	163	391.5
933000320047347	74.66666667	7	35	6	166	129
933000320047328	47.66666667	18.66666667	4	7	95	610.5
933000320046816	52.66666667	3.333333333	4.666666667	4	88	731
933000320047597	89	5.666666667	9.666666667	7	178	371.5
933000320046819	28	1	2.333333333	4	48	1318
933000320047018	36.33333333	9	3.333333333	4	55	948.5
933000320047594	33	9.333333333	12	4	42	270.5
933000320046806	61	17.66666667	7.666666667	6	93	694
933000320047585	64.33333333	84.33333333	5	6	107	614.5
933000320046805	44.33333333	6.333333333	6	4	75	777.5
933000320046844	74	6.666666667	37.33333333	5	110	508
933000320046840	46.33333333	7.333333333	14	7	69	638
933000320047151	49.33333333	7	8.666666667	2	88	651
933000320047168	33.66666667	5.333333333	16	1	44	972.5
933000320047170	91.33333333	3.666666667	12.33333333	4	90	439
933000320047004	97.33333333	16.33333333	24.66666667	3	177	462
933000320047173	88.66666667	3.666666667	50	8	144	402
933000320047908	91.66666667	12.33333333	13.66666667	9	146	272
933000320047868	105.6666667	8	39	9	164	99
933000320047856	179	9	830.6666667	16	189	29
933000320047916	74.33333333	3.333333333	8	7	119	414.5
933000320047901	111	0	62.66666667	23	152	175
933000320047858	78	6.333333333	19	9	158	82
933000320047917	46.33333333	1.666666667	4.333333333	2	82	570.5
933000320047877	76.33333333	6	120	3	146	436
933000320047938	114.3333333	8	245	15	203	62
933000320047934	28.66666667	0.333333333	4.333333333	4	33	783
933000320047671	63	12.33333333	32.33333333	10	42	128.5
933000320186794	110.3333333	37.33333333	131	9	210	67
933000320186795	59.66666667	4.666666667	87.33333333	3	114	215
933000320047886	39	1.333333333	3.333333333	3	68	876
933000320047891	68.33333333	4.666666667	53		140	483
933000320047675	71	8	31.66666667	5	73	640
933000320186853	74.33333333	0	41.33333333	7	34	253.5
933000320186820	12	12.66666667	6.666666667	1	24	1939
933000320186859	91.66666667	25.33333333	67.33333333	13	128	377.5
933000320186823	149.6666667	14	428.6666667	17	266	40
933000320186920	92.33333333	9.333333333	42.33333333	12	142	342.5
933000320186841	69	7.666666667	16.33333333	5	119	549.5
933000320186817	85.66666667	9	8.333333333	6	142	468
933000320186818	55.33333333	2.666666667	37	7	110	279
933000320186919	123.3333333	9.666666667	50	20	202	168
933000320186784	73.33333333	646	12.66666667	6	124	563
933000320047943	38	30.33333333	13.66666667	17		81
933000320047668	8.666666667	7.666666667	1.333333333	1	11	2274
933000320047902	5	2.666666667	1.333333333	1	2	2261
933000320047866	72	63	8.666666667	5	134	535
933000320047925	57.33333333	19.66666667	38.33333333	12	81	144
933000320047903	34.33333333	6	9.333333333	5	53	901
933000320047905	44.66666667	13.66666667	12.66666667	8	60	666
933000320047656	73.66666667	4	8	8	123	543
933000320047881	6.666666667	2	1	4	8	1611
933000320047896	29.66666667	10	1.666666667	5	45	1061.5
933000320047669	51.66666667	4.333333333	14.33333333	9	77	740
933000320047894	3	4.333333333	0.333333333		5	4191
933000320047890	24	12	8	4	32	251
933000320047672	88	7	29.33333333	11	118	402
933000320047661	5.333333333	5	0.666666667	2	4	1760
933000320047876	54	8.666666667	15	7	80	736
933000320047664	19	3.333333333	18.33333333	4	34	1299
933000320186911	88.33333333	4.666666667	10.66666667	11	129	418.5
933000320186845	50.66666667	22.33333333	49.66666667	5	88	790
933000320186865	45.33333333	0	13.66666667	5	63	756
933000320186835	48.66666667	2.666666667	16	5	64	728
933000320047895	80	3.333333333	172.3333333	3	175	255
933000320186847	171.3333333	3	1590.333333	6	368	24
933000320186856	67.66666667	13	13	2	125	554.5
933000320186809	90	32.33333333	19	9	154	471
933000320187248	108.6666667	4.666666667	77.66666667			
933000320186967	169.3333333	9.333333333	29.33333333			
933000320186974	238	17	130.3333333			
933000320186993	68.66666667	4.666666667	9.333333333			
933000320186995	48	5.666666667	15.33333333			
933000320187237	41	6	2.333333333			
933000320186991	179.3333333	24.66666667	488.3333333			
933000320187230	0.666666667	0.666666667	0.333333333			
933000320187083	50	19.66666667	9.333333333			
933000320187161	68.33333333	13	48			
933000320186885	16	21	3.666666667			
933000320187082	0	2.333333333	0			
933000320187099	65	6		5	71	533.5
933000320187197	96	27.33333333	37	6	156	425
933000320186897	248	3.333333333	2102.666667	22	280	23
933000320187316	203.3333333	41	253.6666667	10	344	71.5
933000320186878	81.66666667	14.33333333	57	10	156	346
933000320187213	91	9	11.33333333	6	167	376
933000320187168	75	32	38	7	78	142
933000320187314	25	9.333333333	5.666666667	2	49	1258.5
933000320187305	22	0.333333333	6	4	26	1128
933000320187359	9	2.666666667	2		8	110
933000320186965	4.333333333	1	0.666666667			
933000320186998	28	6	3.666666667			
933000320186990	128.6666667	22.33333333	403.3333333			
933000320186977	18	2.333333333	5.333333333			
933000320187238	65.66666667	5	3.666666667			
933000320187243	118	41.66666667	278.6666667			
933000320187094	59	4.666666667	7.333333333	8	87	587.5
933000320187100	69.33333333	25	19.33333333			
933000320187086	118.6666667	5	855			
933000320187152	62.33333333	11	25			
933000320187084	91	6	15.66666667			
933000320186890	67.66666667	8	9.666666667			
933000320187169	86.33333333	9	43			
933000320187170	40	15.66666667	0.333333333			
933000320186899	20.33333333	0.333333333	0.666666667			
933000320187164	33.33333333	1	14	5	41	891
933000320187221	131.6666667	13.66666667	97	31	201	41
933000320187324	44	2.666666667	5	5	71	861
933000320187206	111	1	168.3333333	6	195	56.5
933000320187186	58.66666667	5	2	7	88	642
933000320187198	41.66666667	1	4.666666667	9	65	892
933000320187323	123.3333333	10.33333333	190	9	242	78
933000320187218	77.66666667	35	68	7	138	563.5
933000320186886	117.3333333	25	556.6666667	5	224	26
933000320187129	20.33333333	3	4	5	36	661
933000320048606	85.33333333	3.666666667	25.33333333	7	162	434
933000320048754	185.6666667	3	157.6666667	21	282	60
933000320048758	108.3333333	4.666666667	5.666666667	11	185	280.5
933000320048335	400	6	522.6666667	48	17	30
933000320048619	1	0.666666667	0.333333333		3	21
933000320048611	138.6666667	64.66666667	43.66666667	3	225	59
933000320048140	294	94.33333333	1100.333333	20	278	86
933000320048134	8	3.666666667	0.333333333		16	1826
933000320048337	158	6	508.3333333	13	275	55
933000320048203	42	4	4.666666667	5	69	703
933000320048546	31	1	2.666666667	3	52	714.5
933000320048347	64.33333333	1	8.333333333	1	120	636.5
933000320048146	9.666666667	10	2		10	2275
933000320048536	69.66666667	8	23.66666667	7	116	596
933000320048137	69.66666667	12	45	7	104	513
933000320048141	110	18.66666667	46.33333333	9	179	257
933000320048550	85	7	58.33333333	12	130	176.5
933000320048543	205	4.666666667	299	5	295	54
933000320048549	93	5	49	15	147	386
933000320048756	106.5	19		3	75	47
933000320048340	124.3333333	14.66666667	50.33333333	4	99	320
933000320048602	159.6666667	19.66666667	965	29	300	28
933000320048767	12.33333333	20	1.666666667	1	2	706
933000320048345	0	0	0			
933000320048610	53.33333333	12	8.666666667	4	69	705
933000320048608	177.3333333	9.333333333	264	5	208	60
933000320048139	103	47	79.33333333	3	126	113.5
933000320048593	62.33333333	8.666666667	29.66666667	5	58	384
933000320048136	116.6666667	2.666666667	150.6666667	2	162	170.5
933000320048128	25	11.66666667	21		43	550.5
933000320048579	51.66666667	16.66666667	11	4	62	638.5
933000320048349	158.3333333	21.66666667	288	1	160	114.5
933000320048127	66	7	13.33333333	6	96	497
933000320048215	74	9	37	8	133	340
933000320048532	48.33333333	12	3	5	78	769.5
933000320048542	199.3333333	19	44.66666667	18	347	134
933000320048220	109	15.33333333	52.33333333	7	164	90.5
933000320048779	2.333333333	2.666666667	1		6	718
933000320049043	91.66666667	18	132		190	47
933000320049032	49	19.66666667	20	11	72	501.5
933000320049045	49.66666667	7.333333333	29	9	80	290
933000320048786	26.66666667	2	5.666666667		39	1105
933000320048793	81	2	22	6	137	504
933000320048783	62.66666667	5	16	7	113	592
933000320048940	230.6666667	6	1598.333333	33	334	23
933000320048777	4.666666667	4.333333333	0	2	2	4646
933000320049140	107.3333333	2.666666667	12.33333333	11	170	314
933000320048792	205	179.3333333	600.6666667	11	246	54
933000320049144	62.66666667	2.666666667	29.66666667	12	105	653
933000320049146	103.3333333	4.333333333	31.33333333	14	129	44
933000320048633	120.3333333	81	172	12	167	122.5
933000320049169	199.6666667	22.66666667	57.66666667	41	293	147
933000320049129	38	0	9.666666667	2	56	534
933000320048982	66.66666667	30.66666667	50.66666667	5	114	545
933000320049168	169.3333333	10.66666667	260.3333333	16	314	51
933000320048650	91.33333333	46.66666667	87.66666667	6	105	398
933000320048723	24.66666667	8.666666667	10	6	36	505
933000320048707	203.6666667	127.3333333	1095.333333	40	188	33
933000320048956	137.6666667	22	147.3333333	12	224	205.5
933000320048967	102.3333333	49.33333333	86.66666667	11	164	317
933000320048701	131.6666667	29	85.66666667	7	260	99
933000320049165	122.3333333	6.666666667	237	12	194	47
933000320048717	80	6.666666667	36.66666667		114	240
933000320049156	36.33333333	13	7.666666667	4	52	986.5
933000320048944	96.33333333	9.666666667	88.33333333	3	163	382.5
933000320049141	146.3333333	8.333333333	15.66666667	12	236	222
933000320048949	35.66666667	117.6666667	7.666666667	1	45	848
933000320187461	2	0.666666667	0		1	10092
933000320049143	51.66666667	12	3.666666667	5	93	677.5
933000320048983	73.66666667	24.33333333	5.666666667	6	85	585.5
933000320049163	63	3	13.33333333	8	92	642.5
933000320048636	110.3333333	14.33333333	38.33333333	9	184	400.5
933000320048640	96	5.666666667	199	4	180	42
933000320049160	137.3333333	19.66666667	241	4	349	47
933000320049134	187.3333333	8	918	14	298	28
933000320048984	62.66666667	45.33333333	18.66666667	7	98	245
933000320048969	169	13.66666667	755.6666667	4	305	33
933000320048714	43.33333333	13.33333333	5.333333333	6	46	564
933000320048718	115.3333333	22.66666667	99.33333333	8	169	145
933000320048719	61.33333333	37.33333333	35.33333333	3	123	217
933000320048720	91	4	74.66666667	6	150	163
933000320049031	82	16	83.33333333	1	173	93
933000320049030	73.33333333	2	38	8	128	429
933000320048776	133.6666667	2.666666667	62.33333333	4	308	201
933000320048794	14	2.666666667	1.666666667	1	16	956
933000320049164	92.66666667	12	48.66666667	4	174	350
933000320187898	0	1.333333333	0			
933000320188254	39	2	15.33333333	8	38	624
933000320188259	0	0.333333333	0			
933000320187889	171.6666667	34.66666667	14	6	193	80
933000320049178	66.66666667	5	77	14	86	225
933000320187880	58	1.333333333	37	7	113	196
933000320188275	168.3333333	5.666666667	25	5	292	64.5
933000320188175	81	5.666666667	23.66666667	3	153	212
933000320188151	61.33333333	5.666666667	9.333333333	3	115	482
933000320188167	62.66666667	22.66666667	1.333333333	11	92	572
933000320188166	93.66666667	12	388.3333333	2	142	27.5
933000320188266	68.66666667	5	24.33333333	10	110	559
933000320188168	94.33333333	6	103.3333333	10	176	66.5
933000320187922	63.33333333	6	17.33333333	11	92	400
933000320187918	64	15.33333333	26	8	103	221
933000320187936	105.3333333	3.666666667	25.66666667	6	198	358
933000320187934	65.66666667	24.33333333	204.6666667	29	96	681
933000320187948	71	14.66666667	16.66666667	9	102	498.5
933000320188119	52	0.333333333	6	2	115	502
933000320187921	41.66666667	5.666666667	9.666666667	4	72	1055.5
933000320188120	111	10.33333333	80	8	176	100.5
933000320187940	58	19.66666667	40.66666667	13	51	494
933000320187950	1.333333333	5	0.333333333			3725.5
933000320187937	66	6.333333333	17	4	119	633
933000320188114	115.3333333	14.33333333	182.3333333	14	197	75
933000320187926	94	8.666666667	34.33333333	10	162	469
933000320187923	16	11.33333333	0	2	25	806
933000320188108	29	36	2.666666667	4	46	1434
933000320187919	87.33333333	11.66666667	38	12	123	462
933000320188161	0.666666667	0.666666667	0		1	
933000320188170	63.33333333	11	47.66666667	8	111	151
933000320188263	83.33333333	2.666666667	10	8	133	465
933000320188165	105.3333333	7	125	12	199	59
933000320188256	57.66666667	5.666666667	8.333333333	3	54	570
933000320188164	87.33333333	30.33333333	28.33333333	14	86	72
933000320188157	42	5.666666667	13	4	74	603
933000320188268	77.33333333	4.666666667	22.66666667	5	138	509
933000320049179	65	3	9	5	101	575
933000320188260	63.66666667	20	13.66666667	7	78	513
933000320187878	124.3333333	3.666666667	795.6666667	8	210	26
933000320187897	100.3333333	9.333333333	41.66666667	10	182	367
933000320188251	81	5.333333333	24.66666667	14	136	484
933000320188737	104.3333333	0.333333333	21	4	155	84
933000320188464	58	21.33333333	4	7	97	713
933000320188625	0	3.333333333	0			
933000320188081	86.33333333	7	100.6666667	1	152	72.5
933000320188747	70.66666667	4.333333333	17	4	115	259
933000320188083	66	5.333333333	26		134	93
933000320188730	101.6666667	154	26.66666667	6	166	281.5
933000320188616	54.66666667	20	41	4	105	64
933000320187988	106.3333333	6	64.66666667	14	131	62.5
933000320187995	88.33333333	31.66666667	16.33333333	17	111	241
933000320187993	49.33333333	2	24.33333333		80	648
933000320187987	128	17	265.3333333	9	230	40
933000320187997	63.33333333	5.666666667	4	7	113	672
933000320188575	130.3333333	3.666666667	24	4	233	272
933000320187978	86.66666667	23.33333333	46.33333333	3	127	417
933000320188363	98.66666667	5.666666667	85	9	172	457
933000320188284	131	6	115.6666667	17	194	252.5
933000320188289	79	30	19	8	112	111
933000320188355	46.66666667	22.33333333	10.33333333	5	57	648
933000320188361	99.66666667	52	235	7	156	69
933000320188368	35	49	20.66666667	4	30	514
933000320188299	102	9	55.33333333	9	157	360
933000320188371	59	13.33333333	37	4	70	206
933000320188755	74.33333333	23	14	1	145	242.5
933000320188760	119.3333333	16	61	13	205	249
933000320188767	41.33333333	14	13.66666667	1	63	639
933000320188471	100.6666667	53	28	5	169	124
933000320188740	108	14	105.3333333	6	187	162
933000320188612	45.66666667	10.33333333	4.666666667	5	73	612.5
933000320188608	51.33333333	23.66666667	10.66666667		87	71
933000320188474	167	9	998	15	237	26
933000320188076	7	10	2	4	13	918.5
933000320188729	12.66666667	3.333333333	2		20	481
933000320188077	31.33333333	9.333333333	4.666666667	2	44	1006
933000320188366	151.3333333	11.66666667	86.33333333	18	227	55
933000320188276	81.66666667	1.333333333	236.3333333	1	169	57.5
933000320187986	39	1.666666667	5.666666667	4	61	763.5
933000320187984	64.66666667	25	97.33333333	1	147	352
933000320187990	28.33333333	25.33333333	8.333333333	1	72	523.5
933000320187979	10.33333333	3.666666667	0.666666667	3	15	2556.5
933000320188570	61.33333333	23.66666667	24	3	96	500
933000320187999	37.33333333	4.666666667	1		66	893
933000320188364	107.6666667	11	62	5	181	347
933000320188290	55.33333333	16.33333333	70.66666667		100	63
933000320188362	64.33333333	5	15.66666667	2	92	477
933000320188277	100	19.33333333	53	4	171	196
933000320188369	50.66666667	0.666666667	13.66666667	2	68	617
933000320188360	79	1	54.33333333		154	236.5
933000320188279	58.66666667	18.33333333	11	2	113	309
933000320188286	84.66666667	19.33333333	51	2	82	369
933000320188353	38.66666667	6.333333333	2.333333333	4	61	905
933000320188293	12.33333333	4	4		27	1433.5
933000320188291	51.33333333	12	7	2	72	574
933000320188770	90.33333333	66.33333333	46.33333333	1	181	176
933000320188772	16	4	3	1	18	1705
933000320188499	56	1	349		56	57
933000320188675	0	0.333333333	0			
933000320188481	0.333333333	2	0		1	
933000320188498	109.3333333	0	31	5	185	294
933000320188485	95.33333333	0	114.3333333	13	139	334
933000320188478	20	5.333333333	4.666666667		50	1047
933000320188661	49.66666667	7.333333333	9.333333333	5	75	599.5
933000320188712	0	0	0			
933000320188666	77.33333333	8	26.33333333	5	122	411
933000320188663	0.666666667	0.333333333	0		2	
933000320188492	61	0.666666667	9	5	96	557
933000320188645	56.33333333	7	6.666666667	3	92	579.5
933000320188656	143	1.666666667	104	2	289	43
933000320188651	81.33333333	2.333333333	11.66666667	5	96	495
933000320188632	92.33333333	5.333333333	22	6	74	306
933000320188636	104.3333333	0	19.33333333	3	118	400.5
933000320188635	67.66666667	5.333333333	23.66666667	7	73	579
933000320188626	69	4.666666667	23.33333333	4	62	708.5
933000320500079	78.66666667	1.333333333	51.33333333	6	80	402
933000320500080	130	24.33333333	213.6666667	1	129	37
933000320188432	275.3333333	7.666666667	584.6666667	21	197	38
933000320188710	58.66666667	19	12	3	60	440
933000320188434	72	39	26.66666667	4	82	560
933000320188722	142.6666667	36	69.33333333	4	187	157
933000320188708	78.66666667	21	13	7	88	552
933000320188714	168.6666667	107	208.3333333	4	174	156
933000320188667	62.66666667	5	6.666666667	3	74	703
933000320188484	90	324.3333333	84.33333333	10	64	62
933000320188479	127	13.66666667	30.33333333	11	206	79.5
933000320188669	74.66666667	34	50	11	109	162
933000320188490	175.3333333	3.666666667	179	11	313	52.5
933000320188480	17.66666667	1.666666667	3	3	26	1886.5
933000320188489	4.666666667	0.666666667	0	1	7	3988
933000320188439	42.66666667	3.333333333	8.333333333	1	70	121
933000320188431	30.66666667	5.333333333	11.33333333	8	34	747
933000320188633	13	0.333333333	1.666666667	4	23	1386
933000320188658	70.33333333	3	8	4	143	562.5
933000320188639	113.3333333	1.333333333	261.6666667		242	28
933000320188643	95.66666667	3.333333333	14.66666667	4	159	450
933000320188646	10	5.666666667	1	1	13	1291
933000320188657	88.33333333	30.33333333	77.66666667	10	150	214
933000320188634	37.33333333	8	10	7	63	772
933000320188711	54.33333333	13.33333333	19.66666667	1	95	450.5
933000320188703	53.66666667	19.33333333	12.33333333	2	68	597
933000320188702	52.33333333	16.33333333	82.66666667	5	80	299
933000320188429	47.33333333	3.333333333	2.333333333	7	75	759
933000320188718	11	3.666666667	0.666666667	5	14	772.5
933000320188444	91.33333333	4	15.66666667	2	162	135
933000320500077	63.66666667	8.666666667	11	8	126	454
933000320500081	100	0.333333333	12	9	177	427
933000320500447	24.66666667	5.666666667	5.666666667	1	40	699
933000320499691	105	3.333333333	16.66666667	6	174	283.5
933000320499937	53.33333333	3.333333333	6	7	83	616
933000320500445	77.66666667	1.333333333	369.6666667	3	133	27
933000320500448	58.33333333	1.333333333	7.333333333	3	109	628.5
933000320499938	19	10.66666667	4.333333333	1	44	907.5
933000320499752	72	1.666666667	14	1	110	414
933000320500426	0.333333333	0	0			
933000320500427	70.66666667	53.33333333	38.66666667		181	146
933000320499689	104.6666667	3	25.66666667	6	150	66
933000320499753	8.333333333	0.333333333	0.333333333	1	8	1869.5
933000320499699	132.6666667	4	100.6666667	15	269	67
933000320499817	65.33333333	24.66666667	25	6	109	529
933000320499812	55.33333333	2	20.66666667	4	87	591
933000320499678	44.33333333	1	69.66666667		71	458
933000320499814	179	66.33333333	142.3333333	5	268	64
933000320499801	160.3333333	31	341.6666667	14	235	47
933000320499679	175.6666667	6	307.6666667	3	369	52
933000320499818	152	26	95.33333333	9	311	163.5
933000320499810	113.3333333	30.66666667	306.3333333	6	207	71
933000320500002	38.66666667	6.666666667	9.666666667	1	81	421
933000320500010	108.6666667	7.333333333	41.66666667	2	190	212
933000320500016	69.66666667	0.666666667	171	9	121	537.5
933000320500434	46	13.66666667	10.66666667	7	75	807
933000320500446	86.33333333	3.666666667	36		139	349
933000320500436	136.3333333	2	84	5	125	258
933000320499940	61	8.666666667	16		97	392
933000320500440	84.66666667	84.33333333	39.66666667		157	262
933000320499770	37	13.66666667	4	2	60	609
933000320499939	113.3333333	2.666666667	21		229	261
933000320499755	128	2.333333333	189	3	230	48
933000320499754	37	3.666666667	1.666666667		73	868
933000320499681	45.33333333	35.33333333	9.333333333		94	420
933000320500433	40	16.33333333	18.33333333		115	133
933000320499700	61.66666667	5.666666667	31	3	113	593
933000320499693	23.33333333	4	1.333333333		47	1339
933000320499685	57.66666667	2.333333333	2.666666667	2	108	580.5
933000320499815	11.33333333	1.333333333	0.666666667	3	17	2267
933000320499803	59.33333333	7.666666667	60.33333333	3	77	580
933000320499813	140.6666667	4	162.6666667	2	264	63
933000320499824	58.66666667	4	21.33333333		161	326
933000320499677	146.6666667	8.333333333	395	4	245	27
933000320499963	29.33333333	4.333333333	4.666666667	4	17	622
933000320500008	68.33333333	4.333333333	128.3333333		126	367
933000320500014	73.33333333	0.666666667	7.666666667	5	131	570
933000320499952	86.66666667	4	7.666666667		169	429
933000320500020	46	0	4.666666667		89	734
933000320499856	56	18.66666667	62	16	87	707
933000320500224	41	5	45		91	632.5
933000320499869	0	0	0			
933000320499868	60.33333333	37	23.66666667	3	115	595
933000320499859	47.33333333	0.333333333	13	9	73	759
933000320499854	90.66666667	13.33333333	286.6666667	18	188	152
933000320499853	94.33333333	7	62.66666667	11	195	254.5
933000320500210	57.66666667	50.33333333	37.66666667	15	95	331
933000320500207	69	10.33333333	11	10	119	589
933000320500361	60.66666667	26.33333333	50	12	108	445
933000320499659	59.33333333	9.333333333	18.33333333	9	111	646
933000320500151	0.333333333	0	0			
933000320500220	149.6666667	11.66666667	142	14	223	65.5
933000320500370	176.6666667	2	13	12	302	71
933000320499658	81	13.33333333	47.33333333	18	145	425.5
933000320524282	84.33333333	22.33333333	56.66666667	6	92	228
933000320524278	51.66666667	5	27.66666667	6	76	714
933000320524281	164.3333333	23.33333333	85	19	295	44
933000320524299	73.66666667	6	21	13	106	500.5
933000320524297	59	0.666666667	155.6666667	9	91	77.5
933000320524279	33	17	16.66666667	4	58	1093.5
933000320500359	76.66666667	17.66666667	17	5	145	574
933000320524203	47.66666667	15.33333333	10.33333333	5	75	929
933000320524216	104	4.666666667	23.33333333	5	192	416
933000320524211	86.66666667	9	43.66666667	9	143	451
933000320524207	82.33333333	3.666666667	121.6666667	10	160	36
933000320524217	210	12	1912.333333	11	374	37
933000320499864	39.33333333	8.333333333	93.33333333	15	70	30
933000320499865	59.33333333	43.66666667	134.6666667	11	111	44
933000320499852	86	17.33333333	40	5	158	475
933000320500211	113.3333333	34	127	8	227	97
933000320499875	210.6666667	3.666666667	296	15	348	42
933000320499867	13.33333333	2	0.666666667	3	16	1616
933000320500369	65.66666667	14.66666667	26	5	117	586.5
933000320500204	159	8	17.66666667	9	279	220
933000320500219	82	1	14	14	115	493
933000320500212	115.6666667	16.66666667	224.6666667	13	217	41
933000320500366	80	7.333333333	410	8	136	42
933000320500214	61	34.33333333	60.66666667	11	95	704
933000320500205	57.33333333	8	24	8	66	96
933000320500209	98.33333333	32.66666667	334.3333333	16	165	31
933000320524287	85.33333333	54.33333333	32	20	98	102
933000320524288	84.33333333	2.666666667	80.66666667	6	159	369.5
933000320524277	22.33333333	0.333333333	2	3	23	583
933000320524283	43.66666667	1	23.66666667	6	75	952.5
933000320524300	66	7.333333333	7	11	75	499
933000320500358	111.3333333	5.666666667	28	15	180	314
933000320524215	64.33333333	2	56.33333333	9	98	421.5
933000320524214	86.66666667	0	32.66666667	11	157	352
933000320524206	43	4.333333333	26.66666667	7	78	685
933000320524219	94	2.666666667	28	13	126	373
933000320500367	55.66666667	4	6.333333333	8	83	671